1000
1,2,1000,what21
2,3,999,what32
3,4,998,what43
4,5,997,what54
6,7,995,what76
7,8,994,what87
8,9,993,what98
9,10,992,what109
10,11,991,what1110
11,12,990,what1211
12,13,989,what1312
13,14,988,what1413
14,15,987,what1514
15,16,986,what1615
16,17,985,what1716
17,18,984,what1817
18,19,983,what1918
19,20,982,what2019
20,21,981,what2120
21,22,980,what2221
22,23,979,what2322
23,24,978,what2423
24,25,977,what2524
25,26,976,what2625
26,27,975,what2726
27,28,974,what2827
28,29,973,what2928
29,30,972,what3029
30,31,971,what3130
31,32,970,what3231
32,33,969,what3332
33,34,968,what3433
34,35,967,what3534
35,36,966,what3635
36,37,965,what3736
37,38,964,what3837
38,39,963,what3938
39,40,962,what4039
40,41,961,what4140
41,42,960,what4241
42,43,959,what4342
43,44,958,what4443
44,45,957,what4544
45,46,956,what4645
46,47,955,what4746
47,48,954,what4847
48,49,953,what4948
49,50,952,what5049
50,51,951,what5150
51,52,950,what5251
52,53,949,what5352
53,54,948,what5453
54,55,947,what5554
55,56,946,what5655
56,57,945,what5756
57,58,944,what5857
58,59,943,what5958
59,60,942,what6059
60,61,941,what6160
61,62,940,what6261
62,63,939,what6362
63,64,938,what6463
64,65,937,what6564
65,66,936,what6665
66,67,935,what6766
67,68,934,what6867
68,69,933,what6968
69,70,932,what7069
70,71,931,what7170
71,72,930,what7271
72,73,929,what7372
73,74,928,what7473
74,75,927,what7574
75,76,926,what7675
76,77,925,what7776
77,78,924,what7877
78,79,923,what7978
79,80,922,what8079
80,81,921,what8180
81,82,920,what8281
82,83,919,what8382
83,84,918,what8483
84,85,917,what8584
85,86,916,what8685
86,87,915,what8786
87,88,914,what8887
88,89,913,what8988
89,90,912,what9089
90,91,911,what9190
91,92,910,what9291
92,93,909,what9392
93,94,908,what9493
94,95,907,what9594
95,96,906,what9695
96,97,905,what9796
97,98,904,what9897
98,99,903,what9998
99,100,902,what10099
100,101,901,what101100
101,102,900,what102101
102,103,899,what103102
103,104,898,what104103
104,105,897,what105104
105,106,896,what106105
106,107,895,what107106
107,108,894,what108107
108,109,893,what109108
109,110,892,what110109
110,111,891,what111110
111,112,890,what112111
112,113,889,what113112
113,114,888,what114113
114,115,887,what115114
115,116,886,what116115
116,117,885,what117116
117,118,884,what118117
118,119,883,what119118
119,120,882,what120119
120,121,881,what121120
121,122,880,what122121
122,123,879,what123122
123,124,878,what124123
124,125,877,what125124
125,126,876,what126125
126,127,875,what127126
127,128,874,what128127
128,129,873,what129128
129,130,872,what130129
130,131,871,what131130
131,132,870,what132131
132,133,869,what133132
133,134,868,what134133
134,135,867,what135134
135,136,866,what136135
136,137,865,what137136
137,138,864,what138137
138,139,863,what139138
139,140,862,what140139
140,141,861,what141140
141,142,860,what142141
142,143,859,what143142
143,144,858,what144143
144,145,857,what145144
145,146,856,what146145
146,147,855,what147146
147,148,854,what148147
148,149,853,what149148
149,150,852,what150149
150,151,851,what151150
151,152,850,what152151
152,153,849,what153152
153,154,848,what154153
154,155,847,what155154
155,156,846,what156155
156,157,845,what157156
157,158,844,what158157
158,159,843,what159158
159,160,842,what160159
160,161,841,what161160
161,162,840,what162161
162,163,839,what163162
163,164,838,what164163
164,165,837,what165164
165,166,836,what166165
166,167,835,what167166
167,168,834,what168167
168,169,833,what169168
169,170,832,what170169
170,171,831,what171170
171,172,830,what172171
172,173,829,what173172
173,174,828,what174173
174,175,827,what175174
175,176,826,what176175
176,177,825,what177176
177,178,824,what178177
178,179,823,what179178
179,180,822,what180179
180,181,821,what181180
181,182,820,what182181
182,183,819,what183182
183,184,818,what184183
184,185,817,what185184
185,186,816,what186185
186,187,815,what187186
187,188,814,what188187
188,189,813,what189188
189,190,812,what190189
190,191,811,what191190
191,192,810,what192191
192,193,809,what193192
193,194,808,what194193
194,195,807,what195194
195,196,806,what196195
196,197,805,what197196
197,198,804,what198197
198,199,803,what199198
199,200,802,what200199
200,201,801,what201200
201,202,800,what202201
202,203,799,what203202
203,204,798,what204203
204,205,797,what205204
205,206,796,what206205
206,207,795,what207206
207,208,794,what208207
208,209,793,what209208
209,210,792,what210209
210,211,791,what211210
211,212,790,what212211
212,213,789,what213212
213,214,788,what214213
214,215,787,what215214
215,216,786,what216215
216,217,785,what217216
217,218,784,what218217
218,219,783,what219218
219,220,782,what220219
220,221,781,what221220
221,222,780,what222221
222,223,779,what223222
223,224,778,what224223
224,225,777,what225224
225,226,776,what226225
226,227,775,what227226
227,228,774,what228227
228,229,773,what229228
229,230,772,what230229
230,231,771,what231230
231,232,770,what232231
232,233,769,what233232
233,234,768,what234233
234,235,767,what235234
235,236,766,what236235
236,237,765,what237236
237,238,764,what238237
238,239,763,what239238
239,240,762,what240239
240,241,761,what241240
241,242,760,what242241
242,243,759,what243242
243,244,758,what244243
244,245,757,what245244
245,246,756,what246245
246,247,755,what247246
247,248,754,what248247
248,249,753,what249248
249,250,752,what250249
250,251,751,what251250
251,252,750,what252251
252,253,749,what253252
253,254,748,what254253
254,255,747,what255254
255,256,746,what256255
256,257,745,what257256
257,258,744,what258257
258,259,743,what259258
259,260,742,what260259
260,261,741,what261260
261,262,740,what262261
262,263,739,what263262
263,264,738,what264263
264,265,737,what265264
265,266,736,what266265
266,267,735,what267266
267,268,734,what268267
268,269,733,what269268
269,270,732,what270269
270,271,731,what271270
271,272,730,what272271
272,273,729,what273272
273,274,728,what274273
274,275,727,what275274
275,276,726,what276275
276,277,725,what277276
277,278,724,what278277
278,279,723,what279278
279,280,722,what280279
280,281,721,what281280
281,282,720,what282281
282,283,719,what283282
283,284,718,what284283
284,285,717,what285284
285,286,716,what286285
286,287,715,what287286
287,288,714,what288287
288,289,713,what289288
289,290,712,what290289
290,291,711,what291290
291,292,710,what292291
292,293,709,what293292
293,294,708,what294293
294,295,707,what295294
295,296,706,what296295
296,297,705,what297296
297,298,704,what298297
298,299,703,what299298
299,300,702,what300299
300,301,701,what301300
301,302,700,what302301
302,303,699,what303302
303,304,698,what304303
304,305,697,what305304
305,306,696,what306305
306,307,695,what307306
307,308,694,what308307
308,309,693,what309308
309,310,692,what310309
310,311,691,what311310
311,312,690,what312311
312,313,689,what313312
313,314,688,what314313
314,315,687,what315314
315,316,686,what316315
316,317,685,what317316
317,318,684,what318317
318,319,683,what319318
319,320,682,what320319
320,321,681,what321320
321,322,680,what322321
322,323,679,what323322
323,324,678,what324323
324,325,677,what325324
325,326,676,what326325
326,327,675,what327326
327,328,674,what328327
328,329,673,what329328
329,330,672,what330329
330,331,671,what331330
331,332,670,what332331
332,333,669,what333332
333,334,668,what334333
334,335,667,what335334
335,336,666,what336335
336,337,665,what337336
337,338,664,what338337
338,339,663,what339338
339,340,662,what340339
340,341,661,what341340
341,342,660,what342341
342,343,659,what343342
343,344,658,what344343
344,345,657,what345344
345,346,656,what346345
346,347,655,what347346
347,348,654,what348347
348,349,653,what349348
349,350,652,what350349
350,351,651,what351350
351,352,650,what352351
352,353,649,what353352
353,354,648,what354353
354,355,647,what355354
355,356,646,what356355
356,357,645,what357356
357,358,644,what358357
358,359,643,what359358
359,360,642,what360359
360,361,641,what361360
361,362,640,what362361
362,363,639,what363362
363,364,638,what364363
364,365,637,what365364
365,366,636,what366365
366,367,635,what367366
367,368,634,what368367
368,369,633,what369368
369,370,632,what370369
370,371,631,what371370
371,372,630,what372371
372,373,629,what373372
373,374,628,what374373
374,375,627,what375374
375,376,626,what376375
376,377,625,what377376
377,378,624,what378377
378,379,623,what379378
379,380,622,what380379
380,381,621,what381380
381,382,620,what382381
382,383,619,what383382
383,384,618,what384383
384,385,617,what385384
385,386,616,what386385
386,387,615,what387386
387,388,614,what388387
388,389,613,what389388
389,390,612,what390389
390,391,611,what391390
391,392,610,what392391
392,393,609,what393392
393,394,608,what394393
394,395,607,what395394
395,396,606,what396395
396,397,605,what397396
397,398,604,what398397
398,399,603,what399398
399,400,602,what400399
400,401,601,what401400
401,402,600,what402401
402,403,599,what403402
403,404,598,what404403
404,405,597,what405404
405,406,596,what406405
406,407,595,what407406
407,408,594,what408407
408,409,593,what409408
409,410,592,what410409
410,411,591,what411410
411,412,590,what412411
412,413,589,what413412
413,414,588,what414413
414,415,587,what415414
415,416,586,what416415
416,417,585,what417416
417,418,584,what418417
418,419,583,what419418
419,420,582,what420419
420,421,581,what421420
421,422,580,what422421
422,423,579,what423422
423,424,578,what424423
424,425,577,what425424
425,426,576,what426425
426,427,575,what427426
427,428,574,what428427
428,429,573,what429428
429,430,572,what430429
430,431,571,what431430
431,432,570,what432431
432,433,569,what433432
433,434,568,what434433
434,435,567,what435434
435,436,566,what436435
436,437,565,what437436
437,438,564,what438437
438,439,563,what439438
439,440,562,what440439
440,441,561,what441440
441,442,560,what442441
442,443,559,what443442
443,444,558,what444443
444,445,557,what445444
445,446,556,what446445
446,447,555,what447446
447,448,554,what448447
448,449,553,what449448
449,450,552,what450449
450,451,551,what451450
451,452,550,what452451
452,453,549,what453452
453,454,548,what454453
454,455,547,what455454
455,456,546,what456455
456,457,545,what457456
457,458,544,what458457
458,459,543,what459458
459,460,542,what460459
460,461,541,what461460
461,462,540,what462461
462,463,539,what463462
463,464,538,what464463
464,465,537,what465464
465,466,536,what466465
466,467,535,what467466
467,468,534,what468467
468,469,533,what469468
469,470,532,what470469
470,471,531,what471470
471,472,530,what472471
472,473,529,what473472
473,474,528,what474473
474,475,527,what475474
475,476,526,what476475
476,477,525,what477476
477,478,524,what478477
478,479,523,what479478
479,480,522,what480479
480,481,521,what481480
481,482,520,what482481
482,483,519,what483482
483,484,518,what484483
484,485,517,what485484
485,486,516,what486485
486,487,515,what487486
487,488,514,what488487
488,489,513,what489488
489,490,512,what490489
490,491,511,what491490
491,492,510,what492491
492,493,509,what493492
493,494,508,what494493
494,495,507,what495494
495,496,506,what496495
496,497,505,what497496
497,498,504,what498497
498,499,503,what499498
499,500,502,what500499
500,501,501,what501500
501,502,500,what502501
502,503,499,what503502
503,504,498,what504503
504,505,497,what505504
505,506,496,what506505
506,507,495,what507506
507,508,494,what508507
508,509,493,what509508
509,510,492,what510509
510,511,491,what511510
511,512,490,what512511
512,513,489,what513512
513,514,488,what514513
514,515,487,what515514
515,516,486,what516515
516,517,485,what517516
517,518,484,what518517
518,519,483,what519518
519,520,482,what520519
520,521,481,what521520
521,522,480,what522521
522,523,479,what523522
523,524,478,what524523
524,525,477,what525524
525,526,476,what526525
526,527,475,what527526
527,528,474,what528527
528,529,473,what529528
529,530,472,what530529
530,531,471,what531530
531,532,470,what532531
532,533,469,what533532
533,534,468,what534533
534,535,467,what535534
535,536,466,what536535
536,537,465,what537536
537,538,464,what538537
538,539,463,what539538
539,540,462,what540539
540,541,461,what541540
541,542,460,what542541
542,543,459,what543542
543,544,458,what544543
544,545,457,what545544
545,546,456,what546545
546,547,455,what547546
547,548,454,what548547
548,549,453,what549548
549,550,452,what550549
550,551,451,what551550
551,552,450,what552551
552,553,449,what553552
553,554,448,what554553
554,555,447,what555554
555,556,446,what556555
556,557,445,what557556
557,558,444,what558557
558,559,443,what559558
559,560,442,what560559
560,561,441,what561560
561,562,440,what562561
562,563,439,what563562
563,564,438,what564563
564,565,437,what565564
565,566,436,what566565
566,567,435,what567566
567,568,434,what568567
568,569,433,what569568
569,570,432,what570569
570,571,431,what571570
571,572,430,what572571
572,573,429,what573572
573,574,428,what574573
574,575,427,what575574
575,576,426,what576575
576,577,425,what577576
577,578,424,what578577
578,579,423,what579578
579,580,422,what580579
580,581,421,what581580
581,582,420,what582581
582,583,419,what583582
583,584,418,what584583
584,585,417,what585584
585,586,416,what586585
586,587,415,what587586
587,588,414,what588587
588,589,413,what589588
589,590,412,what590589
590,591,411,what591590
591,592,410,what592591
592,593,409,what593592
593,594,408,what594593
594,595,407,what595594
595,596,406,what596595
596,597,405,what597596
597,598,404,what598597
598,599,403,what599598
599,600,402,what600599
600,601,401,what601600
601,602,400,what602601
602,603,399,what603602
603,604,398,what604603
604,605,397,what605604
605,606,396,what606605
606,607,395,what607606
607,608,394,what608607
608,609,393,what609608
609,610,392,what610609
610,611,391,what611610
611,612,390,what612611
612,613,389,what613612
613,614,388,what614613
614,615,387,what615614
615,616,386,what616615
616,617,385,what617616
617,618,384,what618617
618,619,383,what619618
619,620,382,what620619
620,621,381,what621620
621,622,380,what622621
622,623,379,what623622
623,624,378,what624623
624,625,377,what625624
625,626,376,what626625
626,627,375,what627626
627,628,374,what628627
628,629,373,what629628
629,630,372,what630629
630,631,371,what631630
631,632,370,what632631
632,633,369,what633632
633,634,368,what634633
634,635,367,what635634
635,636,366,what636635
636,637,365,what637636
637,638,364,what638637
638,639,363,what639638
639,640,362,what640639
640,641,361,what641640
641,642,360,what642641
642,643,359,what643642
643,644,358,what644643
644,645,357,what645644
645,646,356,what646645
646,647,355,what647646
647,648,354,what648647
648,649,353,what649648
649,650,352,what650649
650,651,351,what651650
651,652,350,what652651
652,653,349,what653652
653,654,348,what654653
654,655,347,what655654
655,656,346,what656655
656,657,345,what657656
657,658,344,what658657
658,659,343,what659658
659,660,342,what660659
660,661,341,what661660
661,662,340,what662661
662,663,339,what663662
663,664,338,what664663
664,665,337,what665664
665,666,336,what666665
666,667,335,what667666
667,668,334,what668667
668,669,333,what669668
669,670,332,what670669
670,671,331,what671670
671,672,330,what672671
672,673,329,what673672
673,674,328,what674673
674,675,327,what675674
675,676,326,what676675
676,677,325,what677676
677,678,324,what678677
678,679,323,what679678
679,680,322,what680679
680,681,321,what681680
681,682,320,what682681
682,683,319,what683682
683,684,318,what684683
684,685,317,what685684
685,686,316,what686685
686,687,315,what687686
687,688,314,what688687
688,689,313,what689688
689,690,312,what690689
690,691,311,what691690
691,692,310,what692691
692,693,309,what693692
693,694,308,what694693
694,695,307,what695694
695,696,306,what696695
696,697,305,what697696
697,698,304,what698697
698,699,303,what699698
699,700,302,what700699
700,701,301,what701700
701,702,300,what702701
702,703,299,what703702
703,704,298,what704703
704,705,297,what705704
705,706,296,what706705
706,707,295,what707706
707,708,294,what708707
708,709,293,what709708
709,710,292,what710709
710,711,291,what711710
711,712,290,what712711
712,713,289,what713712
713,714,288,what714713
714,715,287,what715714
715,716,286,what716715
716,717,285,what717716
717,718,284,what718717
718,719,283,what719718
719,720,282,what720719
720,721,281,what721720
721,722,280,what722721
722,723,279,what723722
723,724,278,what724723
724,725,277,what725724
725,726,276,what726725
726,727,275,what727726
727,728,274,what728727
728,729,273,what729728
729,730,272,what730729
730,731,271,what731730
731,732,270,what732731
732,733,269,what733732
733,734,268,what734733
734,735,267,what735734
735,736,266,what736735
736,737,265,what737736
737,738,264,what738737
738,739,263,what739738
739,740,262,what740739
740,741,261,what741740
741,742,260,what742741
742,743,259,what743742
743,744,258,what744743
744,745,257,what745744
745,746,256,what746745
746,747,255,what747746
747,748,254,what748747
748,749,253,what749748
749,750,252,what750749
750,751,251,what751750
751,752,250,what752751
752,753,249,what753752
753,754,248,what754753
754,755,247,what755754
755,756,246,what756755
756,757,245,what757756
757,758,244,what758757
758,759,243,what759758
759,760,242,what760759
760,761,241,what761760
761,762,240,what762761
762,763,239,what763762
763,764,238,what764763
764,765,237,what765764
765,766,236,what766765
766,767,235,what767766
767,768,234,what768767
768,769,233,what769768
769,770,232,what770769
770,771,231,what771770
771,772,230,what772771
772,773,229,what773772
773,774,228,what774773
774,775,227,what775774
775,776,226,what776775
776,777,225,what777776
777,778,224,what778777
778,779,223,what779778
779,780,222,what780779
780,781,221,what781780
781,782,220,what782781
782,783,219,what783782
783,784,218,what784783
784,785,217,what785784
785,786,216,what786785
786,787,215,what787786
787,788,214,what788787
788,789,213,what789788
789,790,212,what790789
790,791,211,what791790
791,792,210,what792791
792,793,209,what793792
793,794,208,what794793
794,795,207,what795794
795,796,206,what796795
796,797,205,what797796
797,798,204,what798797
798,799,203,what799798
799,800,202,what800799
800,801,201,what801800
801,802,200,what802801
802,803,199,what803802
803,804,198,what804803
804,805,197,what805804
805,806,196,what806805
806,807,195,what807806
807,808,194,what808807
808,809,193,what809808
809,810,192,what810809
810,811,191,what811810
811,812,190,what812811
812,813,189,what813812
813,814,188,what814813
814,815,187,what815814
815,816,186,what816815
816,817,185,what817816
817,818,184,what818817
818,819,183,what819818
819,820,182,what820819
820,821,181,what821820
821,822,180,what822821
822,823,179,what823822
823,824,178,what824823
824,825,177,what825824
825,826,176,what826825
826,827,175,what827826
827,828,174,what828827
828,829,173,what829828
829,830,172,what830829
830,831,171,what831830
831,832,170,what832831
832,833,169,what833832
833,834,168,what834833
834,835,167,what835834
835,836,166,what836835
836,837,165,what837836
837,838,164,what838837
838,839,163,what839838
839,840,162,what840839
840,841,161,what841840
841,842,160,what842841
842,843,159,what843842
843,844,158,what844843
844,845,157,what845844
845,846,156,what846845
846,847,155,what847846
847,848,154,what848847
848,849,153,what849848
849,850,152,what850849
850,851,151,what851850
851,852,150,what852851
852,853,149,what853852
853,854,148,what854853
854,855,147,what855854
855,856,146,what856855
856,857,145,what857856
857,858,144,what858857
858,859,143,what859858
859,860,142,what860859
860,861,141,what861860
861,862,140,what862861
862,863,139,what863862
863,864,138,what864863
864,865,137,what865864
865,866,136,what866865
866,867,135,what867866
867,868,134,what868867
868,869,133,what869868
869,870,132,what870869
870,871,131,what871870
871,872,130,what872871
872,873,129,what873872
873,874,128,what874873
874,875,127,what875874
875,876,126,what876875
876,877,125,what877876
877,878,124,what878877
878,879,123,what879878
879,880,122,what880879
880,881,121,what881880
881,882,120,what882881
882,883,119,what883882
883,884,118,what884883
884,885,117,what885884
885,886,116,what886885
886,887,115,what887886
887,888,114,what888887
888,889,113,what889888
889,890,112,what890889
890,891,111,what891890
891,892,110,what892891
892,893,109,what893892
893,894,108,what894893
894,895,107,what895894
895,896,106,what896895
896,897,105,what897896
897,898,104,what898897
898,899,103,what899898
899,900,102,what900899
900,901,101,what901900
901,902,100,what902901
902,903,99,what903902
903,904,98,what904903
904,905,97,what905904
905,906,96,what906905
906,907,95,what907906
907,908,94,what908907
908,909,93,what909908
909,910,92,what910909
910,911,91,what911910
911,912,90,what912911
912,913,89,what913912
913,914,88,what914913
914,915,87,what915914
915,916,86,what916915
916,917,85,what917916
917,918,84,what918917
918,919,83,what919918
919,920,82,what920919
920,921,81,what921920
921,922,80,what922921
922,923,79,what923922
923,924,78,what924923
924,925,77,what925924
925,926,76,what926925
926,927,75,what927926
927,928,74,what928927
928,929,73,what929928
929,930,72,what930929
930,931,71,what931930
931,932,70,what932931
932,933,69,what933932
933,934,68,what934933
934,935,67,what935934
935,936,66,what936935
936,937,65,what937936
937,938,64,what938937
938,939,63,what939938
939,940,62,what940939
940,941,61,what941940
941,942,60,what942941
942,943,59,what943942
943,944,58,what944943
944,945,57,what945944
945,946,56,what946945
946,947,55,what947946
947,948,54,what948947
948,949,53,what949948
949,950,52,what950949
950,951,51,what951950
951,952,50,what952951
952,953,49,what953952
953,954,48,what954953
954,955,47,what955954
955,956,46,what956955
956,957,45,what957956
957,958,44,what958957
958,959,43,what959958
959,960,42,what960959
960,961,41,what961960
961,962,40,what962961
962,963,39,what963962
963,964,38,what964963
964,965,37,what965964
965,966,36,what966965
966,967,35,what967966
967,968,34,what968967
968,969,33,what969968
969,970,32,what970969
970,971,31,what971970
971,972,30,what972971
972,973,29,what973972
973,974,28,what974973
974,975,27,what975974
975,976,26,what976975
976,977,25,what977976
977,978,24,what978977
978,979,23,what979978
979,980,22,what980979
980,981,21,what981980
981,982,20,what982981
982,983,19,what983982
983,984,18,what984983
984,985,17,what985984
985,986,16,what986985
986,987,15,what987986
987,988,14,what988987
988,989,13,what989988
989,990,12,what990989
990,991,11,what991990
991,992,10,what992991
992,993,9,what993992
993,994,8,what994993
994,995,7,what995994
995,996,6,what996995
996,997,5,what997996
997,998,4,what998997
998,999,3,what999998
999,1000,2,what1000999
