1000
1,2,452,Z
1,3,122,N
2,3,980,K
2,4,410,C
3,4,978,E
3,5,125,Z
4,5,331,Q
4,6,271,D
5,6,510,O
5,7,248,R
6,7,998,F
6,8,546,R
7,8,807,Z
7,9,419,H
8,9,358,Q
8,10,487,T
9,10,793,N
9,11,822,Q
10,11,350,Y
10,12,29,K
11,12,328,J
11,13,884,J
12,13,403,G
12,14,804,O
13,14,321,Z
13,15,202,O
14,15,661,Q
14,16,204,A
15,16,364,Y
15,17,486,I
16,17,35,X
16,18,153,Q
17,18,76,W
17,19,202,I
18,19,306,B
18,20,875,V
19,20,420,A
19,21,528,Y
20,21,839,X
20,22,167,K
21,22,755,Q
21,23,445,D
22,23,111,G
22,24,777,D
23,24,985,W
23,25,240,G
24,25,166,L
24,26,996,Z
25,26,327,C
25,27,769,Q
26,27,404,D
26,28,374,T
27,28,267,U
27,29,924,Q
28,29,721,Y
28,30,967,K
29,30,697,H
29,31,525,F
30,31,562,G
30,32,103,S
31,32,106,N
31,33,948,C
32,33,465,H
32,34,236,M
33,34,184,V
33,35,432,X
34,35,592,Z
34,36,212,Q
35,36,455,J
35,37,421,L
36,37,462,M
36,38,613,M
37,38,174,U
37,39,408,I
38,39,560,N
38,40,754,S
39,40,251,Y
39,41,655,C
40,41,648,P
40,42,942,P
41,42,26,U
41,43,747,Y
42,43,138,D
42,44,607,X
43,44,806,Y
43,45,423,Y
44,45,505,O
44,46,950,U
45,46,462,M
45,47,784,B
46,47,206,S
46,48,364,F
47,48,625,N
47,49,412,V
48,49,65,Q
48,50,332,Z
49,50,970,J
49,51,925,C
50,51,221,U
50,52,901,M
51,52,468,P
51,53,893,O
52,53,8,J
52,54,519,R
53,54,901,X
53,55,129,Z
54,55,376,U
54,56,90,E
55,56,391,D
55,57,928,R
56,57,286,E
56,58,620,L
57,58,370,N
57,59,387,K
58,59,854,A
58,60,121,T
59,60,483,D
59,61,500,Z
60,61,613,E
60,62,82,Y
61,62,880,K
61,63,256,D
62,63,865,A
62,64,401,Y
63,64,57,G
63,65,303,O
64,65,4,J
64,66,337,F
65,66,872,S
65,67,368,X
66,67,337,K
66,68,24,A
67,68,745,Y
67,69,96,Q
68,69,37,Y
68,70,613,B
69,70,474,U
69,71,961,G
70,71,78,D
70,72,292,V
71,72,436,K
71,73,68,A
72,73,927,G
72,74,199,I
73,74,151,P
73,75,354,N
74,75,466,S
74,76,596,Z
75,76,361,A
75,77,892,Y
76,77,859,A
76,78,907,N
77,78,680,V
77,79,352,N
78,79,451,Q
78,80,471,H
79,80,3,N
79,81,485,V
80,81,219,L
80,82,626,W
81,82,964,W
81,83,987,T
82,83,796,U
82,84,794,Y
83,84,576,N
83,85,749,I
84,85,477,O
84,86,880,M
85,86,340,S
85,87,88,Z
86,87,716,U
86,88,814,Z
87,88,890,N
87,89,915,Y
88,89,67,A
88,90,574,V
89,90,482,P
89,91,807,C
90,91,844,R
90,92,631,N
91,92,936,D
91,93,383,V
92,93,149,V
92,94,89,X
93,94,500,Q
93,95,950,W
94,95,957,T
94,96,533,N
95,96,629,U
95,97,277,L
96,97,316,M
96,98,543,U
97,98,877,I
97,99,283,Y
98,99,510,B
98,100,606,H
99,100,423,K
99,101,981,I
100,101,264,F
100,102,632,K
101,102,579,N
101,103,502,F
102,103,633,I
102,104,96,L
103,104,881,K
103,105,325,L
104,105,226,U
104,106,194,F
105,106,361,R
105,107,259,K
106,107,678,Y
106,108,195,E
107,108,65,G
107,109,332,Z
108,109,810,H
108,110,227,A
109,110,70,D
109,111,659,R
110,111,677,H
110,112,156,H
111,112,801,B
111,113,736,N
112,113,945,Z
112,114,618,D
113,114,363,C
113,115,939,K
114,115,632,T
114,116,570,O
115,116,440,L
115,117,63,L
116,117,191,L
116,118,13,U
117,118,720,O
117,119,834,E
118,119,37,X
118,120,100,L
119,120,153,B
119,121,897,B
120,121,52,G
120,122,499,H
121,122,510,V
121,123,806,E
122,123,111,D
122,124,23,P
123,124,338,A
123,125,987,D
124,125,658,K
124,126,586,A
125,126,645,G
125,127,38,L
126,127,293,K
126,128,388,T
127,128,61,T
127,129,789,G
128,129,521,A
128,130,817,W
129,130,46,K
129,131,617,E
130,131,776,Q
130,132,439,L
131,132,818,R
131,133,76,M
132,133,256,W
132,134,6,Y
133,134,689,L
133,135,916,Q
134,135,889,Z
134,136,272,V
135,136,450,P
135,137,928,O
136,137,690,E
136,138,624,N
137,138,463,V
137,139,975,Q
138,139,719,C
138,140,356,D
139,140,485,P
139,141,430,Z
140,141,749,S
140,142,85,R
141,142,249,H
141,143,328,S
142,143,508,J
142,144,300,Q
143,144,883,S
143,145,693,D
144,145,180,E
144,146,292,M
145,146,862,G
145,147,741,D
146,147,272,M
146,148,732,L
147,148,589,Q
147,149,764,L
148,149,693,Y
148,150,4,B
149,150,512,A
149,151,734,T
150,151,995,B
150,152,204,E
151,152,276,M
151,153,961,H
152,153,946,I
152,154,610,E
153,154,878,D
153,155,671,N
154,155,918,K
154,156,698,X
155,156,976,A
155,157,763,A
156,157,268,R
156,158,853,Y
157,158,290,G
157,159,497,D
158,159,250,L
158,160,925,V
159,160,530,C
159,161,344,W
160,161,922,P
160,162,164,B
161,162,931,G
161,163,833,T
162,163,262,E
162,164,370,D
163,164,282,E
163,165,134,N
164,165,957,W
164,166,750,O
165,166,731,G
165,167,510,B
166,167,724,X
166,168,665,R
167,168,864,C
167,169,917,X
168,169,78,H
168,170,872,N
169,170,802,X
169,171,550,A
170,171,580,F
170,172,840,T
171,172,845,Q
171,173,291,T
172,173,157,C
172,174,42,H
173,174,976,K
173,175,792,L
174,175,247,A
174,176,678,E
175,176,834,N
175,177,909,U
176,177,443,M
176,178,385,I
177,178,174,X
177,179,347,H
178,179,836,F
178,180,385,Y
179,180,7,M
179,181,27,O
180,181,760,Q
180,182,29,D
181,182,284,H
181,183,540,L
182,183,981,V
182,184,543,P
183,184,349,U
183,185,468,O
184,185,301,B
184,186,51,B
185,186,451,A
185,187,491,D
186,187,450,R
186,188,743,O
187,188,227,K
187,189,421,S
188,189,130,X
188,190,259,A
189,190,107,B
189,191,318,W
190,191,347,M
190,192,824,G
191,192,123,L
191,193,613,W
192,193,751,U
192,194,403,O
193,194,653,D
193,195,299,K
194,195,249,F
194,196,24,N
195,196,294,L
195,197,595,K
196,197,294,S
196,198,24,P
197,198,42,V
197,199,345,D
198,199,37,H
198,200,405,Z
199,200,618,N
199,201,397,J
200,201,991,U
200,202,899,E
201,202,65,V
201,203,95,Z
202,203,990,D
202,204,679,J
203,204,594,Y
203,205,778,C
204,205,233,R
204,206,153,E
205,206,316,L
205,207,466,Q
206,207,918,F
206,208,371,S
207,208,878,Z
207,209,896,O
208,209,823,U
208,210,145,A
209,210,778,O
209,211,226,L
210,211,469,Q
210,212,640,S
211,212,589,V
211,213,749,F
212,213,791,M
212,214,353,N
213,214,565,D
213,215,381,R
214,215,980,X
214,216,860,G
215,216,961,N
215,217,337,P
216,217,316,V
216,218,655,F
217,218,396,H
217,219,33,X
218,219,34,U
218,220,695,R
219,220,826,S
219,221,521,W
220,221,572,E
220,222,371,H
221,222,681,J
221,223,502,E
222,223,697,K
222,224,358,T
223,224,593,P
223,225,373,L
224,225,97,O
224,226,563,C
225,226,412,V
225,227,928,Q
226,227,97,N
226,228,264,A
227,228,30,J
227,229,762,Z
228,229,164,R
228,230,133,L
229,230,117,E
229,231,720,K
230,231,722,G
230,232,532,S
231,232,441,S
231,233,415,V
232,233,316,A
232,234,112,F
233,234,501,C
233,235,18,C
234,235,749,W
234,236,176,H
235,236,972,K
235,237,43,L
236,237,50,V
236,238,971,T
237,238,500,E
237,239,687,M
238,239,658,U
238,240,578,A
239,240,94,T
239,241,413,Q
240,241,311,E
240,242,739,J
241,242,899,W
241,243,660,C
242,243,971,C
242,244,26,Y
243,244,712,M
243,245,890,G
244,245,147,X
244,246,847,W
245,246,298,W
245,247,233,O
246,247,31,M
246,248,820,I
247,248,722,K
247,249,521,H
248,249,63,D
248,250,54,U
249,250,698,B
249,251,682,J
250,251,703,O
250,252,241,Z
251,252,30,M
251,253,56,A
252,253,379,X
252,254,902,Y
253,254,20,H
253,255,584,G
254,255,43,D
254,256,39,D
255,256,331,R
255,257,31,Y
256,257,56,K
256,258,951,Q
257,258,703,P
257,259,1000,K
258,259,804,T
258,260,547,G
259,260,931,U
259,261,796,P
260,261,766,S
260,262,989,I
261,262,533,J
261,263,800,V
262,263,11,X
262,264,885,V
263,264,213,Q
263,265,956,A
264,265,213,Q
264,266,664,I
265,266,133,A
265,267,313,C
266,267,768,N
266,268,371,U
267,268,762,Z
267,269,112,N
268,269,831,T
268,270,303,M
269,270,441,F
269,271,647,R
270,271,51,H
270,272,564,L
271,272,874,W
271,273,940,Q
272,273,548,S
272,274,959,Y
273,274,960,K
273,275,265,U
274,275,485,C
274,276,190,V
275,276,39,K
275,277,1000,T
276,277,596,V
276,278,992,X
277,278,172,N
277,279,615,T
278,279,495,Q
278,280,879,L
279,280,120,J
279,281,995,D
280,281,287,X
280,282,679,F
281,282,21,Q
281,283,965,O
282,283,712,L
282,284,334,T
283,284,478,P
283,285,626,V
284,285,535,D
284,286,636,O
285,286,771,X
285,287,516,G
286,287,746,T
286,288,730,B
287,288,474,Y
287,289,916,E
288,289,659,E
288,290,900,E
289,290,887,B
289,291,153,R
290,291,829,A
290,292,681,G
291,292,508,T
291,293,536,U
292,293,700,M
292,294,111,J
293,294,809,F
293,295,860,A
294,295,217,Z
294,296,569,R
295,296,125,R
295,297,60,F
296,297,508,D
296,298,619,R
297,298,922,T
297,299,377,M
298,299,463,B
298,300,745,W
299,300,324,O
299,301,110,J
300,301,345,Y
300,302,325,Q
301,302,298,N
301,303,624,S
302,303,168,F
302,304,880,W
303,304,139,F
303,305,670,J
304,305,861,X
304,306,38,Y
305,306,858,V
305,307,632,F
306,307,300,L
306,308,716,Y
307,308,850,O
307,309,458,D
308,309,536,F
308,310,579,F
309,310,666,C
309,311,359,J
310,311,923,S
310,312,636,I
311,312,146,G
311,313,991,E
312,313,91,E
312,314,875,I
313,314,924,N
313,315,195,W
314,315,342,K
314,316,949,M
315,316,355,N
315,317,430,B
316,317,911,Z
316,318,20,K
317,318,734,S
317,319,11,K
318,319,821,X
318,320,351,O
319,320,469,Q
319,321,99,S
320,321,674,A
320,322,188,N
321,322,643,G
321,323,862,K
322,323,290,B
322,324,233,A
323,324,266,B
323,325,438,D
324,325,600,S
324,326,500,Y
325,326,921,K
325,327,857,M
326,327,67,L
326,328,767,H
327,328,601,X
327,329,166,D
328,329,726,A
328,330,7,X
329,330,683,S
329,331,364,P
330,331,91,B
330,332,626,Q
331,332,939,Y
331,333,856,A
332,333,887,T
332,334,639,Z
333,334,696,Z
333,335,813,E
334,335,257,L
334,336,959,I
335,336,609,X
335,337,683,F
336,337,251,Y
336,338,295,A
337,338,360,G
337,339,506,W
338,339,71,F
338,340,773,C
339,340,739,O
339,341,398,N
340,341,506,H
340,342,233,B
341,342,29,F
341,343,954,F
342,343,803,W
342,344,891,C
343,344,345,C
343,345,878,R
344,345,276,G
344,346,361,W
345,346,431,A
345,347,940,M
346,347,584,A
346,348,735,A
347,348,308,X
347,349,796,H
348,349,307,D
348,350,926,J
349,350,78,V
349,351,957,R
350,351,685,O
350,352,695,D
351,352,645,A
351,353,445,V
352,353,886,D
352,354,735,Z
353,354,187,O
353,355,125,K
354,355,547,P
354,356,939,X
355,356,156,H
355,357,863,Z
356,357,519,Z
356,358,875,R
357,358,518,O
357,359,265,X
358,359,98,K
358,360,40,O
359,360,754,N
359,361,642,O
360,361,437,O
360,362,183,R
361,362,249,Y
361,363,650,A
362,363,436,E
362,364,301,T
363,364,487,U
363,365,731,B
364,365,730,Y
364,366,618,K
365,366,826,O
365,367,364,A
366,367,783,M
366,368,984,V
367,368,555,T
367,369,586,F
368,369,781,A
368,370,955,D
369,370,787,Q
369,371,366,X
370,371,974,J
370,372,577,C
371,372,935,C
371,373,892,A
372,373,456,G
372,374,705,T
373,374,437,L
373,375,72,I
374,375,952,D
374,376,757,K
375,376,140,S
375,377,744,Y
376,377,674,C
376,378,825,L
377,378,135,O
377,379,70,R
378,379,479,I
378,380,179,O
379,380,314,R
379,381,765,V
380,381,436,I
380,382,467,A
381,382,907,N
381,383,169,O
382,383,785,T
382,384,370,K
383,384,17,E
383,385,673,K
384,385,135,Z
384,386,716,J
385,386,544,E
385,387,886,W
386,387,945,B
386,388,760,J
387,388,555,Z
387,389,899,F
388,389,331,M
388,390,548,N
389,390,80,M
389,391,764,Q
390,391,638,X
390,392,787,N
391,392,303,M
391,393,369,H
392,393,289,O
392,394,929,W
393,394,275,W
393,395,474,Q
394,395,553,L
394,396,18,S
395,396,903,G
395,397,977,X
396,397,753,L
396,398,584,F
397,398,73,X
397,399,157,C
398,399,466,H
398,400,540,E
399,400,777,S
399,401,691,X
400,401,620,B
400,402,850,D
401,402,466,Q
401,403,365,Q
402,403,986,X
402,404,447,P
403,404,768,J
403,405,293,Z
404,405,794,M
404,406,692,I
405,406,857,L
405,407,856,C
406,407,498,L
406,408,10,M
407,408,588,T
407,409,628,H
408,409,596,X
408,410,796,A
409,410,468,G
409,411,180,E
410,411,154,K
410,412,610,K
411,412,836,A
411,413,617,I
412,413,370,I
412,414,346,B
413,414,12,W
413,415,808,Y
414,415,698,U
414,416,375,B
415,416,802,X
415,417,760,M
416,417,60,Y
416,418,620,O
417,418,298,Q
417,419,138,E
418,419,907,U
418,420,287,R
419,420,662,A
419,421,297,F
420,421,4,I
420,422,776,V
421,422,190,Z
421,423,361,J
422,423,254,G
422,424,305,V
423,424,793,P
423,425,266,S
424,425,401,P
424,426,869,T
425,426,569,D
425,427,172,F
426,427,402,M
426,428,506,S
427,428,395,O
427,429,218,Z
428,429,189,V
428,430,153,L
429,430,524,N
429,431,145,X
430,431,969,Z
430,432,371,R
431,432,708,B
431,433,303,A
432,433,375,T
432,434,123,U
433,434,246,H
433,435,854,E
434,435,627,U
434,436,216,U
435,436,934,C
435,437,704,B
436,437,129,W
436,438,185,G
437,438,561,A
437,439,42,P
438,439,328,J
438,440,905,B
439,440,704,P
439,441,107,F
440,441,114,I
440,442,50,J
441,442,212,Z
441,443,627,B
442,443,513,D
442,444,11,Z
443,444,43,D
443,445,862,R
444,445,172,W
444,446,564,C
445,446,201,N
445,447,369,S
446,447,111,A
446,448,695,D
447,448,392,X
447,449,705,E
448,449,790,J
448,450,654,L
449,450,568,J
449,451,281,E
450,451,810,H
450,452,561,B
451,452,478,A
451,453,114,M
452,453,105,A
452,454,815,Y
453,454,641,A
453,455,441,L
454,455,34,H
454,456,545,V
455,456,344,C
455,457,934,Y
456,457,702,Q
456,458,172,H
457,458,549,M
457,459,705,J
458,459,944,D
458,460,917,Q
459,460,660,T
459,461,693,C
460,461,605,H
460,462,588,U
461,462,132,O
461,463,527,N
462,463,941,C
462,464,139,B
463,464,332,B
463,465,598,Y
464,465,191,H
464,466,398,H
465,466,767,W
465,467,26,T
466,467,352,R
466,468,283,K
467,468,248,O
467,469,622,Z
468,469,252,M
468,470,585,C
469,470,46,R
469,471,359,O
470,471,667,T
470,472,530,D
471,472,216,Y
471,473,524,C
472,473,861,B
472,474,554,X
473,474,666,F
473,475,310,P
474,475,334,V
474,476,671,C
475,476,670,D
475,477,775,X
476,477,586,M
476,478,585,U
477,478,403,S
477,479,916,T
478,479,513,P
478,480,409,M
479,480,753,F
479,481,581,L
480,481,572,D
480,482,507,K
481,482,762,N
481,483,873,B
482,483,189,W
482,484,309,C
483,484,611,A
483,485,829,M
484,485,675,O
484,486,680,E
485,486,56,X
485,487,475,X
486,487,275,Z
486,488,820,A
487,488,330,D
487,489,885,G
488,489,263,C
488,490,717,Q
489,490,748,X
489,491,297,J
490,491,474,B
490,492,642,Q
491,492,393,B
491,493,547,T
492,493,298,Q
492,494,26,J
493,494,280,Y
493,495,336,D
494,495,645,E
494,496,839,E
495,496,48,D
495,497,855,E
496,497,971,P
496,498,76,K
497,498,915,I
497,499,736,D
498,499,130,V
498,500,81,Y
499,500,974,O
499,501,758,K
500,501,884,T
500,502,51,P
501,502,487,V
501,503,942,K
502,503,874,O
502,504,862,H
503,504,782,L
503,505,224,G
504,505,900,B
504,506,341,J
505,506,260,Y
505,507,59,C
506,507,190,L
506,508,349,G
507,508,238,C
507,509,266,Q
508,509,781,U
508,510,632,C
509,510,234,M
509,511,610,L
510,511,287,Q
510,512,509,Y
511,512,408,L
511,513,651,Y
512,513,926,H
512,514,50,S
513,514,906,F
513,515,109,B
514,515,669,F
514,516,172,W
515,516,787,K
515,517,338,G
516,517,377,O
516,518,611,G
517,518,996,J
517,519,480,Y
518,519,632,R
518,520,561,X
519,520,490,Z
519,521,717,X
520,521,749,U
520,522,41,E
521,522,392,I
521,523,611,O
522,523,665,R
522,524,17,Z
523,524,99,I
523,525,411,C
524,525,331,L
524,526,362,O
525,526,297,O
525,527,371,G
526,527,817,Y
526,528,492,O
527,528,480,O
527,529,394,I
528,529,940,P
528,530,853,T
529,530,45,O
529,531,145,B
530,531,296,M
530,532,73,J
531,532,930,D
531,533,89,H
532,533,600,W
532,534,320,E
533,534,365,S
533,535,88,Q
534,535,78,N
534,536,580,D
535,536,255,Y
535,537,838,U
536,537,288,G
536,538,506,Y
537,538,666,V
537,539,706,N
538,539,556,J
538,540,278,C
539,540,562,T
539,541,471,Z
540,541,388,T
540,542,209,P
541,542,565,B
541,543,699,S
542,543,698,W
542,544,844,Q
543,544,530,O
543,545,308,Q
544,545,221,A
544,546,396,N
545,546,685,Y
545,547,395,S
546,547,297,F
546,548,758,E
547,548,129,R
547,549,834,M
548,549,835,L
548,550,17,U
549,550,932,G
549,551,79,G
550,551,698,Q
550,552,432,B
551,552,782,M
551,553,761,D
552,553,695,L
552,554,503,W
553,554,553,K
553,555,687,P
554,555,197,Y
554,556,139,V
555,556,770,F
555,557,526,Z
556,557,225,D
556,558,477,U
557,558,22,H
557,559,81,X
558,559,186,W
558,560,269,W
559,560,453,R
559,561,104,R
560,561,513,A
560,562,368,D
561,562,891,T
561,563,596,X
562,563,130,V
562,564,515,Y
563,564,345,G
563,565,270,L
564,565,689,K
564,566,759,A
565,566,863,U
565,567,613,X
566,567,270,B
566,568,365,Q
567,568,149,L
567,569,110,X
568,569,241,L
568,570,25,O
569,570,13,O
569,571,132,C
570,571,837,K
570,572,273,J
571,572,915,O
571,573,391,M
572,573,840,B
572,574,749,S
573,574,628,Y
573,575,638,T
574,575,225,W
574,576,990,J
575,576,226,A
575,577,711,S
576,577,417,L
576,578,64,G
577,578,781,D
577,579,939,N
578,579,50,Y
578,580,642,C
579,580,955,R
579,581,741,E
580,581,266,K
580,582,642,D
581,582,1000,F
581,583,497,Y
582,583,393,H
582,584,627,P
583,584,310,Q
583,585,599,S
584,585,254,I
584,586,640,P
585,586,774,V
585,587,526,Z
586,587,613,L
586,588,808,B
587,588,581,D
587,589,139,B
588,589,939,Z
588,590,234,F
589,590,616,U
589,591,146,Y
590,591,272,M
590,592,536,S
591,592,391,D
591,593,433,J
592,593,395,L
592,594,613,T
593,594,29,W
593,595,145,T
594,595,305,W
594,596,920,O
595,596,845,M
595,597,334,M
596,597,727,P
596,598,17,K
597,598,550,M
597,599,604,K
598,599,938,Q
598,600,121,E
599,600,848,P
599,601,538,C
600,601,694,G
600,602,51,A
601,602,805,F
601,603,440,W
602,603,364,O
602,604,439,P
603,604,1000,U
603,605,362,A
604,605,1,A
604,606,371,I
605,606,992,D
605,607,788,S
606,607,13,O
606,608,194,O
607,608,981,G
607,609,261,F
608,609,809,S
608,610,279,A
609,610,674,I
609,611,390,J
610,611,352,S
610,612,776,X
611,612,297,F
611,613,538,D
612,613,926,G
612,614,325,A
613,614,921,F
613,615,141,I
614,615,59,T
614,616,439,A
615,616,835,S
615,617,7,X
616,617,585,M
616,618,923,M
617,618,472,X
617,619,320,X
618,619,489,F
618,620,399,W
619,620,572,T
619,621,275,L
620,621,674,E
620,622,241,O
621,622,422,K
621,623,709,Q
622,623,74,Z
622,624,269,G
623,624,589,V
623,625,156,J
624,625,266,V
624,626,101,S
625,626,444,A
625,627,258,G
626,627,517,S
626,628,56,K
627,628,494,A
627,629,808,Y
628,629,617,O
628,630,893,W
629,630,834,I
629,631,597,I
630,631,812,X
630,632,863,W
631,632,823,T
631,633,247,D
632,633,823,C
632,634,376,O
633,634,81,D
633,635,191,L
634,635,126,Y
634,636,983,Y
635,636,354,W
635,637,47,X
636,637,22,F
636,638,348,I
637,638,961,R
637,639,236,L
638,639,501,N
638,640,601,Y
639,640,294,U
639,641,237,C
640,641,13,S
640,642,784,W
641,642,803,W
641,643,252,N
642,643,281,O
642,644,9,V
643,644,172,E
643,645,754,F
644,645,798,F
644,646,298,Q
645,646,567,X
645,647,132,T
646,647,395,J
646,648,807,C
647,648,581,D
647,649,890,A
648,649,433,Y
648,650,873,U
649,650,910,P
649,651,332,Z
650,651,938,T
650,652,808,Z
651,652,48,O
651,653,77,Q
652,653,149,A
652,654,908,V
653,654,945,A
653,655,610,H
654,655,56,G
654,656,109,P
655,656,80,O
655,657,129,J
656,657,820,A
656,658,160,X
657,658,743,E
657,659,220,T
658,659,877,Y
658,660,706,V
659,660,419,H
659,661,117,K
660,661,391,B
660,662,636,Y
661,662,770,I
661,663,753,Y
662,663,193,K
662,664,943,F
663,664,147,Q
663,665,583,C
664,665,845,Z
664,666,895,Z
665,666,929,P
665,667,40,M
666,667,765,U
666,668,162,V
667,668,968,V
667,669,614,O
668,669,567,O
668,670,752,T
669,670,606,O
669,671,383,P
670,671,466,P
670,672,138,Q
671,672,475,J
671,673,32,U
672,673,950,J
672,674,548,S
673,674,544,Z
673,675,635,C
674,675,96,Z
674,676,380,P
675,676,739,F
675,677,844,Y
676,677,875,D
676,678,706,D
677,678,417,T
677,679,533,J
678,679,895,S
678,680,880,L
679,680,154,A
679,681,399,N
680,681,333,N
680,682,58,W
681,682,657,G
681,683,187,Z
682,683,944,O
682,684,324,S
683,684,201,B
683,685,338,A
684,685,645,V
684,686,848,J
685,686,544,D
685,687,970,G
686,687,243,U
686,688,119,T
687,688,143,H
687,689,1,M
688,689,460,X
688,690,397,T
689,690,615,Z
689,691,545,B
690,691,306,X
690,692,79,Q
691,692,677,E
691,693,645,R
692,693,434,R
692,694,109,V
693,694,390,T
693,695,552,T
694,695,355,Y
694,696,402,S
695,696,355,R
695,697,634,M
696,697,55,Q
696,698,905,Z
697,698,350,W
697,699,508,H
698,699,17,L
698,700,503,A
699,700,451,B
699,701,320,P
700,701,557,E
700,702,621,I
701,702,463,U
701,703,876,X
702,703,411,B
702,704,93,N
703,704,812,P
703,705,29,Y
704,705,348,S
704,706,170,H
705,706,962,K
705,707,30,J
706,707,82,S
706,708,882,R
707,708,111,W
707,709,424,D
708,709,660,X
708,710,605,M
709,710,776,A
709,711,993,T
710,711,839,J
710,712,28,Q
711,712,765,R
711,713,983,N
712,713,133,W
712,714,204,V
713,714,800,T
713,715,44,Y
714,715,346,R
714,716,627,R
715,716,270,H
715,717,729,B
716,717,449,C
716,718,999,G
717,718,764,M
717,719,124,Q
718,719,203,M
718,720,548,B
719,720,874,R
719,721,260,A
720,721,679,A
720,722,108,X
721,722,803,Q
721,723,33,G
722,723,515,H
722,724,918,W
723,724,707,U
723,725,430,C
724,725,281,G
724,726,441,B
725,726,807,W
725,727,913,G
726,727,522,R
726,728,375,V
727,728,368,J
727,729,575,Z
728,729,462,V
728,730,565,H
729,730,879,C
729,731,82,N
730,731,289,Z
730,732,751,D
731,732,538,Z
731,733,149,X
732,733,912,N
732,734,262,K
733,734,509,K
733,735,195,K
734,735,905,A
734,736,115,E
735,736,546,V
735,737,541,J
736,737,614,W
736,738,291,T
737,738,377,T
737,739,291,Q
738,739,194,Q
738,740,218,Q
739,740,975,G
739,741,503,S
740,741,41,W
740,742,778,F
741,742,691,K
741,743,567,V
742,743,388,D
742,744,243,Q
743,744,380,H
743,745,562,P
744,745,203,K
744,746,258,E
745,746,868,H
745,747,887,J
746,747,936,Z
746,748,140,N
747,748,759,H
747,749,683,Q
748,749,82,S
748,750,617,H
749,750,140,K
749,751,449,Y
750,751,87,R
750,752,531,L
751,752,994,J
751,753,113,C
752,753,704,A
752,754,630,E
753,754,564,C
753,755,875,D
754,755,400,N
754,756,503,I
755,756,957,L
755,757,699,T
756,757,605,F
756,758,839,Q
757,758,428,E
757,759,892,M
758,759,317,A
758,760,151,X
759,760,889,U
759,761,439,H
760,761,530,F
760,762,659,F
761,762,285,I
761,763,579,C
762,763,462,D
762,764,33,L
763,764,14,H
763,765,635,N
764,765,183,U
764,766,465,Q
765,766,968,A
765,767,829,B
766,767,619,B
766,768,564,W
767,768,620,F
767,769,39,S
768,769,989,C
768,770,350,H
769,770,932,T
769,771,466,J
770,771,678,C
770,772,861,E
771,772,756,F
771,773,65,U
772,773,500,H
772,774,329,N
773,774,411,C
773,775,712,Q
774,775,509,S
774,776,196,Y
775,776,239,K
775,777,55,U
776,777,948,U
776,778,194,Y
777,778,284,J
777,779,461,R
778,779,91,N
778,780,903,W
779,780,245,I
779,781,383,E
780,781,447,U
780,782,445,V
781,782,417,G
781,783,704,E
782,783,23,Z
782,784,797,A
783,784,711,M
783,785,664,W
784,785,229,W
784,786,507,M
785,786,529,S
785,787,16,S
786,787,730,B
786,788,116,N
787,788,44,F
787,789,442,Y
788,789,253,I
788,790,296,L
789,790,822,W
789,791,450,G
790,791,693,L
790,792,226,I
791,792,439,T
791,793,457,N
792,793,514,G
792,794,949,O
793,794,952,C
793,795,542,V
794,795,223,U
794,796,862,V
795,796,870,O
795,797,101,E
796,797,242,G
796,798,46,V
797,798,583,A
797,799,210,L
798,799,370,O
798,800,31,Y
799,800,251,O
799,801,332,I
800,801,176,D
800,802,292,O
801,802,52,G
801,803,140,J
802,803,230,B
802,804,515,S
803,804,126,C
803,805,5,Z
804,805,274,T
804,806,963,L
805,806,655,Z
805,807,107,I
806,807,427,O
806,808,56,W
807,808,775,L
807,809,726,G
808,809,322,N
808,810,260,Y
809,810,937,N
809,811,742,L
810,811,867,A
810,812,221,Y
811,812,1000,J
811,813,942,E
812,813,465,Q
812,814,364,H
813,814,410,N
813,815,506,I
814,815,452,I
814,816,537,P
815,816,344,X
815,817,906,V
816,817,166,J
816,818,785,Z
817,818,571,D
817,819,607,C
818,819,185,W
818,820,90,M
819,820,264,R
819,821,299,K
820,821,642,Q
820,822,291,L
821,822,636,J
821,823,147,N
822,823,729,P
822,824,823,D
823,824,401,S
823,825,294,Q
824,825,206,X
824,826,984,G
825,826,927,T
825,827,772,J
826,827,53,X
826,828,893,K
827,828,523,Q
827,829,993,G
828,829,82,A
828,830,830,M
829,830,370,H
829,831,649,O
830,831,157,X
830,832,340,W
831,832,198,E
831,833,611,W
832,833,383,A
832,834,676,L
833,834,416,L
833,835,257,C
834,835,627,U
834,836,762,G
835,836,219,L
835,837,955,S
836,837,573,N
836,838,224,K
837,838,71,U
837,839,297,I
838,839,606,A
838,840,134,Y
839,840,771,L
839,841,8,R
840,841,101,E
840,842,257,H
841,842,42,L
841,843,929,K
842,843,982,F
842,844,70,E
843,844,799,Q
843,845,983,J
844,845,463,K
844,846,853,L
845,846,168,U
845,847,319,D
846,847,814,N
846,848,648,X
847,848,77,Z
847,849,543,X
848,849,572,O
848,850,539,S
849,850,425,G
849,851,721,E
850,851,396,X
850,852,523,K
851,852,456,S
851,853,495,G
852,853,388,C
852,854,313,V
853,854,351,O
853,855,966,C
854,855,562,C
854,856,486,C
855,856,999,M
855,857,869,L
856,857,919,A
856,858,406,O
857,858,194,A
857,859,500,T
858,859,671,K
858,860,391,K
859,860,972,R
859,861,359,K
860,861,391,A
860,862,129,C
861,862,242,H
861,863,571,U
862,863,797,D
862,864,956,I
863,864,814,W
863,865,221,J
864,865,67,V
864,866,735,A
865,866,712,U
865,867,407,E
866,867,412,D
866,868,829,N
867,868,854,M
867,869,277,K
868,869,501,A
868,870,607,C
869,870,156,X
869,871,865,S
870,871,845,B
870,872,999,Z
871,872,228,N
871,873,732,Y
872,873,332,S
872,874,424,I
873,874,656,Q
873,875,678,H
874,875,215,L
874,876,561,R
875,876,786,X
875,877,874,U
876,877,866,R
876,878,49,M
877,878,242,S
877,879,333,F
878,879,292,Q
878,880,601,E
879,880,231,J
879,881,630,Z
880,881,94,E
880,882,511,L
881,882,388,K
881,883,397,P
882,883,283,J
882,884,791,Q
883,884,629,L
883,885,69,B
884,885,105,D
884,886,97,M
885,886,903,A
885,887,251,C
886,887,831,F
886,888,248,D
887,888,107,I
887,889,54,I
888,889,524,M
888,890,111,C
889,890,538,A
889,891,735,L
890,891,318,E
890,892,579,T
891,892,369,C
891,893,136,K
892,893,1000,T
892,894,725,M
893,894,815,X
893,895,687,M
894,895,73,E
894,896,743,X
895,896,74,S
895,897,297,U
896,897,564,X
896,898,724,G
897,898,205,Y
897,899,9,I
898,899,642,E
898,900,746,Z
899,900,333,I
899,901,584,U
900,901,449,D
900,902,25,B
901,902,766,P
901,903,76,Z
902,903,856,A
902,904,882,Q
903,904,282,M
903,905,123,X
904,905,912,K
904,906,314,E
905,906,890,Q
905,907,278,L
906,907,732,R
906,908,590,A
907,908,986,T
907,909,665,Q
908,909,585,G
908,910,447,S
909,910,497,M
909,911,295,O
910,911,798,J
910,912,93,P
911,912,70,E
911,913,103,Z
912,913,253,V
912,914,525,O
913,914,699,U
913,915,468,F
914,915,744,C
914,916,437,F
915,916,654,E
915,917,462,A
916,917,340,V
916,918,204,H
917,918,899,F
917,919,643,S
918,919,16,I
918,920,981,H
919,920,106,V
919,921,442,Z
920,921,198,D
920,922,954,L
921,922,703,H
921,923,84,C
922,923,201,X
922,924,994,G
923,924,884,T
923,925,676,F
924,925,869,J
924,926,765,L
925,926,328,H
925,927,341,W
926,927,962,O
926,928,372,H
927,928,979,F
927,929,648,U
928,929,481,Q
928,930,796,P
929,930,655,L
929,931,293,Z
930,931,868,A
930,932,297,F
931,932,72,J
931,933,334,I
932,933,490,P
932,934,509,C
933,934,980,I
933,935,697,J
934,935,472,C
934,936,88,M
935,936,956,D
935,937,620,U
936,937,736,L
936,938,438,Y
937,938,480,R
937,939,289,T
938,939,485,M
938,940,358,Z
939,940,574,G
939,941,609,Q
940,941,653,I
940,942,719,G
941,942,620,L
941,943,547,D
942,943,365,P
942,944,212,W
943,944,721,R
943,945,419,K
944,945,296,U
944,946,654,U
945,946,887,P
945,947,493,D
946,947,96,H
946,948,102,U
947,948,947,J
947,949,41,K
948,949,307,F
948,950,314,E
949,950,19,P
949,951,902,B
950,951,126,E
950,952,507,O
951,952,110,S
951,953,689,D
952,953,53,O
952,954,159,I
953,954,663,O
953,955,692,A
954,955,129,E
954,956,355,X
955,956,562,Y
955,957,386,E
956,957,831,F
956,958,919,I
957,958,101,S
957,959,982,S
958,959,135,E
958,960,732,Y
959,960,120,Z
959,961,41,Q
960,961,90,X
960,962,238,E
961,962,773,A
961,963,483,A
962,963,883,V
962,964,483,N
963,964,352,D
963,965,759,J
964,965,7,N
964,966,211,B
965,966,967,F
965,967,697,X
966,967,812,K
966,968,752,K
967,968,842,Q
967,969,816,A
968,969,333,C
968,970,437,X
969,970,540,Q
969,971,422,M
970,971,251,V
970,972,665,O
971,972,687,E
971,973,461,L
972,973,317,G
972,974,419,S
973,974,748,G
973,975,857,F
974,975,481,P
974,976,380,E
975,976,40,F
975,977,674,I
976,977,16,Z
976,978,218,M
977,978,800,B
977,979,696,N
978,979,661,I
978,980,113,K
979,980,277,L
979,981,743,U
980,981,582,Z
980,982,985,V
981,982,696,L
981,983,603,C
982,983,737,H
982,984,13,Q
983,984,823,W
983,985,746,M
984,985,528,X
984,986,80,U
985,986,381,N
985,987,822,I
986,987,549,T
986,988,215,A
987,988,494,S
987,989,906,I
988,989,870,O
988,990,91,W
989,990,159,U
989,991,802,F
990,991,537,P
990,992,278,P
991,992,954,P
991,993,29,B
992,993,312,Z
992,994,698,A
993,994,439,X
993,995,380,Y
994,995,998,D
994,996,983,W
995,996,940,X
995,997,690,L
996,997,440,W
996,998,980,O
997,998,846,P
997,999,659,J
998,999,493,X
998,1000,195,X
999,1000,797,A