100
1,2,10000,r12
1,3,9999,r13
1,4,9998,r14
1,5,9997,r15
1,6,9996,r16
1,7,9995,r17
1,8,9994,r18
1,9,9993,r19
1,10,9992,r110
1,11,9991,r111
1,12,9990,r112
1,13,9989,r113
1,14,9988,r114
1,15,9987,r115
1,16,9986,r116
1,17,9985,r117
1,18,9984,r118
1,19,9983,r119
1,20,9982,r120
1,21,9981,r121
1,22,9980,r122
1,23,9979,r123
1,24,9978,r124
1,25,9977,r125
1,26,9976,r126
1,27,9975,r127
1,28,9974,r128
1,29,9973,r129
1,30,9972,r130
1,31,9971,r131
1,32,9970,r132
1,33,9969,r133
1,34,9968,r134
1,35,9967,r135
1,36,9966,r136
1,37,9965,r137
1,38,9964,r138
1,39,9963,r139
1,40,9962,r140
1,41,9961,r141
1,42,9960,r142
1,43,9959,r143
1,44,9958,r144
1,45,9957,r145
1,46,9956,r146
1,47,9955,r147
1,48,9954,r148
1,49,9953,r149
1,50,9952,r150
1,51,9951,r151
1,52,9950,r152
1,53,9949,r153
1,54,9948,r154
1,55,9947,r155
1,56,9946,r156
1,57,9945,r157
1,58,9944,r158
1,59,9943,r159
1,60,9942,r160
1,61,9941,r161
1,62,9940,r162
1,63,9939,r163
1,64,9938,r164
1,65,9937,r165
1,66,9936,r166
1,67,9935,r167
1,68,9934,r168
1,69,9933,r169
1,70,9932,r170
1,71,9931,r171
1,72,9930,r172
1,73,9929,r173
1,74,9928,r174
1,75,9927,r175
1,76,9926,r176
1,77,9925,r177
1,78,9924,r178
1,79,9923,r179
1,80,9922,r180
1,81,9921,r181
1,82,9920,r182
1,83,9919,r183
1,84,9918,r184
1,85,9917,r185
1,86,9916,r186
1,87,9915,r187
1,88,9914,r188
1,89,9913,r189
1,90,9912,r190
1,91,9911,r191
1,92,9910,r192
1,93,9909,r193
1,94,9908,r194
1,95,9907,r195
1,96,9906,r196
1,97,9905,r197
1,98,9904,r198
1,99,9903,r199
1,100,9902,r1100
2,3,9901,r23
2,4,9900,r24
2,5,9899,r25
2,6,9898,r26
2,7,9897,r27
2,8,9896,r28
2,9,9895,r29
2,10,9894,r210
2,11,9893,r211
2,12,9892,r212
2,13,9891,r213
2,14,9890,r214
2,15,9889,r215
2,16,9888,r216
2,17,9887,r217
2,18,9886,r218
2,19,9885,r219
2,20,9884,r220
2,21,9883,r221
2,22,9882,r222
2,23,9881,r223
2,24,9880,r224
2,25,9879,r225
2,26,9878,r226
2,27,9877,r227
2,28,9876,r228
2,29,9875,r229
2,30,9874,r230
2,31,9873,r231
2,32,9872,r232
2,33,9871,r233
2,34,9870,r234
2,35,9869,r235
2,36,9868,r236
2,37,9867,r237
2,38,9866,r238
2,39,9865,r239
2,40,9864,r240
2,41,9863,r241
2,42,9862,r242
2,43,9861,r243
2,44,9860,r244
2,45,9859,r245
2,46,9858,r246
2,47,9857,r247
2,48,9856,r248
2,49,9855,r249
2,50,9854,r250
2,51,9853,r251
2,52,9852,r252
2,53,9851,r253
2,54,9850,r254
2,55,9849,r255
2,56,9848,r256
2,57,9847,r257
2,58,9846,r258
2,59,9845,r259
2,60,9844,r260
2,61,9843,r261
2,62,9842,r262
2,63,9841,r263
2,64,9840,r264
2,65,9839,r265
2,66,9838,r266
2,67,9837,r267
2,68,9836,r268
2,69,9835,r269
2,70,9834,r270
2,71,9833,r271
2,72,9832,r272
2,73,9831,r273
2,74,9830,r274
2,75,9829,r275
2,76,9828,r276
2,77,9827,r277
2,78,9826,r278
2,79,9825,r279
2,80,9824,r280
2,81,9823,r281
2,82,9822,r282
2,83,9821,r283
2,84,9820,r284
2,85,9819,r285
2,86,9818,r286
2,87,9817,r287
2,88,9816,r288
2,89,9815,r289
2,90,9814,r290
2,91,9813,r291
2,92,9812,r292
2,93,9811,r293
2,94,9810,r294
2,95,9809,r295
2,96,9808,r296
2,97,9807,r297
2,98,9806,r298
2,99,9805,r299
2,100,9804,r2100
3,4,9803,r34
3,5,9802,r35
3,6,9801,r36
3,7,9800,r37
3,8,9799,r38
3,9,9798,r39
3,10,9797,r310
3,11,9796,r311
3,12,9795,r312
3,13,9794,r313
3,14,9793,r314
3,15,9792,r315
3,16,9791,r316
3,17,9790,r317
3,18,9789,r318
3,19,9788,r319
3,20,9787,r320
3,21,9786,r321
3,22,9785,r322
3,23,9784,r323
3,24,9783,r324
3,25,9782,r325
3,26,9781,r326
3,27,9780,r327
3,28,9779,r328
3,29,9778,r329
3,30,9777,r330
3,31,9776,r331
3,32,9775,r332
3,33,9774,r333
3,34,9773,r334
3,35,9772,r335
3,36,9771,r336
3,37,9770,r337
3,38,9769,r338
3,39,9768,r339
3,40,9767,r340
3,41,9766,r341
3,42,9765,r342
3,43,9764,r343
3,44,9763,r344
3,45,9762,r345
3,46,9761,r346
3,47,9760,r347
3,48,9759,r348
3,49,9758,r349
3,50,9757,r350
3,51,9756,r351
3,52,9755,r352
3,53,9754,r353
3,54,9753,r354
3,55,9752,r355
3,56,9751,r356
3,57,9750,r357
3,58,9749,r358
3,59,9748,r359
3,60,9747,r360
3,61,9746,r361
3,62,9745,r362
3,63,9744,r363
3,64,9743,r364
3,65,9742,r365
3,66,9741,r366
3,67,9740,r367
3,68,9739,r368
3,69,9738,r369
3,70,9737,r370
3,71,9736,r371
3,72,9735,r372
3,73,9734,r373
3,74,9733,r374
3,75,9732,r375
3,76,9731,r376
3,77,9730,r377
3,78,9729,r378
3,79,9728,r379
3,80,9727,r380
3,81,9726,r381
3,82,9725,r382
3,83,9724,r383
3,84,9723,r384
3,85,9722,r385
3,86,9721,r386
3,87,9720,r387
3,88,9719,r388
3,89,9718,r389
3,90,9717,r390
3,91,9716,r391
3,92,9715,r392
3,93,9714,r393
3,94,9713,r394
3,95,9712,r395
3,96,9711,r396
3,97,9710,r397
3,98,9709,r398
3,99,9708,r399
3,100,9707,r3100
4,5,9706,r45
4,6,9705,r46
4,7,9704,r47
4,8,9703,r48
4,9,9702,r49
4,10,9701,r410
4,11,9700,r411
4,12,9699,r412
4,13,9698,r413
4,14,9697,r414
4,15,9696,r415
4,16,9695,r416
4,17,9694,r417
4,18,9693,r418
4,19,9692,r419
4,20,9691,r420
4,21,9690,r421
4,22,9689,r422
4,23,9688,r423
4,24,9687,r424
4,25,9686,r425
4,26,9685,r426
4,27,9684,r427
4,28,9683,r428
4,29,9682,r429
4,30,9681,r430
4,31,9680,r431
4,32,9679,r432
4,33,9678,r433
4,34,9677,r434
4,35,9676,r435
4,36,9675,r436
4,37,9674,r437
4,38,9673,r438
4,39,9672,r439
4,40,9671,r440
4,41,9670,r441
4,42,9669,r442
4,43,9668,r443
4,44,9667,r444
4,45,9666,r445
4,46,9665,r446
4,47,9664,r447
4,48,9663,r448
4,49,9662,r449
4,50,9661,r450
4,51,9660,r451
4,52,9659,r452
4,53,9658,r453
4,54,9657,r454
4,55,9656,r455
4,56,9655,r456
4,57,9654,r457
4,58,9653,r458
4,59,9652,r459
4,60,9651,r460
4,61,9650,r461
4,62,9649,r462
4,63,9648,r463
4,64,9647,r464
4,65,9646,r465
4,66,9645,r466
4,67,9644,r467
4,68,9643,r468
4,69,9642,r469
4,70,9641,r470
4,71,9640,r471
4,72,9639,r472
4,73,9638,r473
4,74,9637,r474
4,75,9636,r475
4,76,9635,r476
4,77,9634,r477
4,78,9633,r478
4,79,9632,r479
4,80,9631,r480
4,81,9630,r481
4,82,9629,r482
4,83,9628,r483
4,84,9627,r484
4,85,9626,r485
4,86,9625,r486
4,87,9624,r487
4,88,9623,r488
4,89,9622,r489
4,90,9621,r490
4,91,9620,r491
4,92,9619,r492
4,93,9618,r493
4,94,9617,r494
4,95,9616,r495
4,96,9615,r496
4,97,9614,r497
4,98,9613,r498
4,99,9612,r499
4,100,9611,r4100
5,6,9610,r56
5,7,9609,r57
5,8,9608,r58
5,9,9607,r59
5,10,9606,r510
5,11,9605,r511
5,12,9604,r512
5,13,9603,r513
5,14,9602,r514
5,15,9601,r515
5,16,9600,r516
5,17,9599,r517
5,18,9598,r518
5,19,9597,r519
5,20,9596,r520
5,21,9595,r521
5,22,9594,r522
5,23,9593,r523
5,24,9592,r524
5,25,9591,r525
5,26,9590,r526
5,27,9589,r527
5,28,9588,r528
5,29,9587,r529
5,30,9586,r530
5,31,9585,r531
5,32,9584,r532
5,33,9583,r533
5,34,9582,r534
5,35,9581,r535
5,36,9580,r536
5,37,9579,r537
5,38,9578,r538
5,39,9577,r539
5,40,9576,r540
5,41,9575,r541
5,42,9574,r542
5,43,9573,r543
5,44,9572,r544
5,45,9571,r545
5,46,9570,r546
5,47,9569,r547
5,48,9568,r548
5,49,9567,r549
5,50,9566,r550
5,51,9565,r551
5,52,9564,r552
5,53,9563,r553
5,54,9562,r554
5,55,9561,r555
5,56,9560,r556
5,57,9559,r557
5,58,9558,r558
5,59,9557,r559
5,60,9556,r560
5,61,9555,r561
5,62,9554,r562
5,63,9553,r563
5,64,9552,r564
5,65,9551,r565
5,66,9550,r566
5,67,9549,r567
5,68,9548,r568
5,69,9547,r569
5,70,9546,r570
5,71,9545,r571
5,72,9544,r572
5,73,9543,r573
5,74,9542,r574
5,75,9541,r575
5,76,9540,r576
5,77,9539,r577
5,78,9538,r578
5,79,9537,r579
5,80,9536,r580
5,81,9535,r581
5,82,9534,r582
5,83,9533,r583
5,84,9532,r584
5,85,9531,r585
5,86,9530,r586
5,87,9529,r587
5,88,9528,r588
5,89,9527,r589
5,90,9526,r590
5,91,9525,r591
5,92,9524,r592
5,93,9523,r593
5,94,9522,r594
5,95,9521,r595
5,96,9520,r596
5,97,9519,r597
5,98,9518,r598
5,99,9517,r599
5,100,9516,r5100
6,7,9515,r67
6,8,9514,r68
6,9,9513,r69
6,10,9512,r610
6,11,9511,r611
6,12,9510,r612
6,13,9509,r613
6,14,9508,r614
6,15,9507,r615
6,16,9506,r616
6,17,9505,r617
6,18,9504,r618
6,19,9503,r619
6,20,9502,r620
6,21,9501,r621
6,22,9500,r622
6,23,9499,r623
6,24,9498,r624
6,25,9497,r625
6,26,9496,r626
6,27,9495,r627
6,28,9494,r628
6,29,9493,r629
6,30,9492,r630
6,31,9491,r631
6,32,9490,r632
6,33,9489,r633
6,34,9488,r634
6,35,9487,r635
6,36,9486,r636
6,37,9485,r637
6,38,9484,r638
6,39,9483,r639
6,40,9482,r640
6,41,9481,r641
6,42,9480,r642
6,43,9479,r643
6,44,9478,r644
6,45,9477,r645
6,46,9476,r646
6,47,9475,r647
6,48,9474,r648
6,49,9473,r649
6,50,9472,r650
6,51,9471,r651
6,52,9470,r652
6,53,9469,r653
6,54,9468,r654
6,55,9467,r655
6,56,9466,r656
6,57,9465,r657
6,58,9464,r658
6,59,9463,r659
6,60,9462,r660
6,61,9461,r661
6,62,9460,r662
6,63,9459,r663
6,64,9458,r664
6,65,9457,r665
6,66,9456,r666
6,67,9455,r667
6,68,9454,r668
6,69,9453,r669
6,70,9452,r670
6,71,9451,r671
6,72,9450,r672
6,73,9449,r673
6,74,9448,r674
6,75,9447,r675
6,76,9446,r676
6,77,9445,r677
6,78,9444,r678
6,79,9443,r679
6,80,9442,r680
6,81,9441,r681
6,82,9440,r682
6,83,9439,r683
6,84,9438,r684
6,85,9437,r685
6,86,9436,r686
6,87,9435,r687
6,88,9434,r688
6,89,9433,r689
6,90,9432,r690
6,91,9431,r691
6,92,9430,r692
6,93,9429,r693
6,94,9428,r694
6,95,9427,r695
6,96,9426,r696
6,97,9425,r697
6,98,9424,r698
6,99,9423,r699
6,100,9422,r6100
7,8,9421,r78
7,9,9420,r79
7,10,9419,r710
7,11,9418,r711
7,12,9417,r712
7,13,9416,r713
7,14,9415,r714
7,15,9414,r715
7,16,9413,r716
7,17,9412,r717
7,18,9411,r718
7,19,9410,r719
7,20,9409,r720
7,21,9408,r721
7,22,9407,r722
7,23,9406,r723
7,24,9405,r724
7,25,9404,r725
7,26,9403,r726
7,27,9402,r727
7,28,9401,r728
7,29,9400,r729
7,30,9399,r730
7,31,9398,r731
7,32,9397,r732
7,33,9396,r733
7,34,9395,r734
7,35,9394,r735
7,36,9393,r736
7,37,9392,r737
7,38,9391,r738
7,39,9390,r739
7,40,9389,r740
7,41,9388,r741
7,42,9387,r742
7,43,9386,r743
7,44,9385,r744
7,45,9384,r745
7,46,9383,r746
7,47,9382,r747
7,48,9381,r748
7,49,9380,r749
7,50,9379,r750
7,51,9378,r751
7,52,9377,r752
7,53,9376,r753
7,54,9375,r754
7,55,9374,r755
7,56,9373,r756
7,57,9372,r757
7,58,9371,r758
7,59,9370,r759
7,60,9369,r760
7,61,9368,r761
7,62,9367,r762
7,63,9366,r763
7,64,9365,r764
7,65,9364,r765
7,66,9363,r766
7,67,9362,r767
7,68,9361,r768
7,69,9360,r769
7,70,9359,r770
7,71,9358,r771
7,72,9357,r772
7,73,9356,r773
7,74,9355,r774
7,75,9354,r775
7,76,9353,r776
7,77,9352,r777
7,78,9351,r778
7,79,9350,r779
7,80,9349,r780
7,81,9348,r781
7,82,9347,r782
7,83,9346,r783
7,84,9345,r784
7,85,9344,r785
7,86,9343,r786
7,87,9342,r787
7,88,9341,r788
7,89,9340,r789
7,90,9339,r790
7,91,9338,r791
7,92,9337,r792
7,93,9336,r793
7,94,9335,r794
7,95,9334,r795
7,96,9333,r796
7,97,9332,r797
7,98,9331,r798
7,99,9330,r799
7,100,9329,r7100
8,9,9328,r89
8,10,9327,r810
8,11,9326,r811
8,12,9325,r812
8,13,9324,r813
8,14,9323,r814
8,15,9322,r815
8,16,9321,r816
8,17,9320,r817
8,18,9319,r818
8,19,9318,r819
8,20,9317,r820
8,21,9316,r821
8,22,9315,r822
8,23,9314,r823
8,24,9313,r824
8,25,9312,r825
8,26,9311,r826
8,27,9310,r827
8,28,9309,r828
8,29,9308,r829
8,30,9307,r830
8,31,9306,r831
8,32,9305,r832
8,33,9304,r833
8,34,9303,r834
8,35,9302,r835
8,36,9301,r836
8,37,9300,r837
8,38,9299,r838
8,39,9298,r839
8,40,9297,r840
8,41,9296,r841
8,42,9295,r842
8,43,9294,r843
8,44,9293,r844
8,45,9292,r845
8,46,9291,r846
8,47,9290,r847
8,48,9289,r848
8,49,9288,r849
8,50,9287,r850
8,51,9286,r851
8,52,9285,r852
8,53,9284,r853
8,54,9283,r854
8,55,9282,r855
8,56,9281,r856
8,57,9280,r857
8,58,9279,r858
8,59,9278,r859
8,60,9277,r860
8,61,9276,r861
8,62,9275,r862
8,63,9274,r863
8,64,9273,r864
8,65,9272,r865
8,66,9271,r866
8,67,9270,r867
8,68,9269,r868
8,69,9268,r869
8,70,9267,r870
8,71,9266,r871
8,72,9265,r872
8,73,9264,r873
8,74,9263,r874
8,75,9262,r875
8,76,9261,r876
8,77,9260,r877
8,78,9259,r878
8,79,9258,r879
8,80,9257,r880
8,81,9256,r881
8,82,9255,r882
8,83,9254,r883
8,84,9253,r884
8,85,9252,r885
8,86,9251,r886
8,87,9250,r887
8,88,9249,r888
8,89,9248,r889
8,90,9247,r890
8,91,9246,r891
8,92,9245,r892
8,93,9244,r893
8,94,9243,r894
8,95,9242,r895
8,96,9241,r896
8,97,9240,r897
8,98,9239,r898
8,99,9238,r899
8,100,9237,r8100
9,10,9236,r910
9,11,9235,r911
9,12,9234,r912
9,13,9233,r913
9,14,9232,r914
9,15,9231,r915
9,16,9230,r916
9,17,9229,r917
9,18,9228,r918
9,19,9227,r919
9,20,9226,r920
9,21,9225,r921
9,22,9224,r922
9,23,9223,r923
9,24,9222,r924
9,25,9221,r925
9,26,9220,r926
9,27,9219,r927
9,28,9218,r928
9,29,9217,r929
9,30,9216,r930
9,31,9215,r931
9,32,9214,r932
9,33,9213,r933
9,34,9212,r934
9,35,9211,r935
9,36,9210,r936
9,37,9209,r937
9,38,9208,r938
9,39,9207,r939
9,40,9206,r940
9,41,9205,r941
9,42,9204,r942
9,43,9203,r943
9,44,9202,r944
9,45,9201,r945
9,46,9200,r946
9,47,9199,r947
9,48,9198,r948
9,49,9197,r949
9,50,9196,r950
9,51,9195,r951
9,52,9194,r952
9,53,9193,r953
9,54,9192,r954
9,55,9191,r955
9,56,9190,r956
9,57,9189,r957
9,58,9188,r958
9,59,9187,r959
9,60,9186,r960
9,61,9185,r961
9,62,9184,r962
9,63,9183,r963
9,64,9182,r964
9,65,9181,r965
9,66,9180,r966
9,67,9179,r967
9,68,9178,r968
9,69,9177,r969
9,70,9176,r970
9,71,9175,r971
9,72,9174,r972
9,73,9173,r973
9,74,9172,r974
9,75,9171,r975
9,76,9170,r976
9,77,9169,r977
9,78,9168,r978
9,79,9167,r979
9,80,9166,r980
9,81,9165,r981
9,82,9164,r982
9,83,9163,r983
9,84,9162,r984
9,85,9161,r985
9,86,9160,r986
9,87,9159,r987
9,88,9158,r988
9,89,9157,r989
9,90,9156,r990
9,91,9155,r991
9,92,9154,r992
9,93,9153,r993
9,94,9152,r994
9,95,9151,r995
9,96,9150,r996
9,97,9149,r997
9,98,9148,r998
9,99,9147,r999
9,100,9146,r9100
10,11,9145,r1011
10,12,9144,r1012
10,13,9143,r1013
10,14,9142,r1014
10,15,9141,r1015
10,16,9140,r1016
10,17,9139,r1017
10,18,9138,r1018
10,19,9137,r1019
10,20,9136,r1020
10,21,9135,r1021
10,22,9134,r1022
10,23,9133,r1023
10,24,9132,r1024
10,25,9131,r1025
10,26,9130,r1026
10,27,9129,r1027
10,28,9128,r1028
10,29,9127,r1029
10,30,9126,r1030
10,31,9125,r1031
10,32,9124,r1032
10,33,9123,r1033
10,34,9122,r1034
10,35,9121,r1035
10,36,9120,r1036
10,37,9119,r1037
10,38,9118,r1038
10,39,9117,r1039
10,40,9116,r1040
10,41,9115,r1041
10,42,9114,r1042
10,43,9113,r1043
10,44,9112,r1044
10,45,9111,r1045
10,46,9110,r1046
10,47,9109,r1047
10,48,9108,r1048
10,49,9107,r1049
10,50,9106,r1050
10,51,9105,r1051
10,52,9104,r1052
10,53,9103,r1053
10,54,9102,r1054
10,55,9101,r1055
10,56,9100,r1056
10,57,9099,r1057
10,58,9098,r1058
10,59,9097,r1059
10,60,9096,r1060
10,61,9095,r1061
10,62,9094,r1062
10,63,9093,r1063
10,64,9092,r1064
10,65,9091,r1065
10,66,9090,r1066
10,67,9089,r1067
10,68,9088,r1068
10,69,9087,r1069
10,70,9086,r1070
10,71,9085,r1071
10,72,9084,r1072
10,73,9083,r1073
10,74,9082,r1074
10,75,9081,r1075
10,76,9080,r1076
10,77,9079,r1077
10,78,9078,r1078
10,79,9077,r1079
10,80,9076,r1080
10,81,9075,r1081
10,82,9074,r1082
10,83,9073,r1083
10,84,9072,r1084
10,85,9071,r1085
10,86,9070,r1086
10,87,9069,r1087
10,88,9068,r1088
10,89,9067,r1089
10,90,9066,r1090
10,91,9065,r1091
10,92,9064,r1092
10,93,9063,r1093
10,94,9062,r1094
10,95,9061,r1095
10,96,9060,r1096
10,97,9059,r1097
10,98,9058,r1098
10,99,9057,r1099
10,100,9056,r10100
11,12,9055,r1112
11,13,9054,r1113
11,14,9053,r1114
11,15,9052,r1115
11,16,9051,r1116
11,17,9050,r1117
11,18,9049,r1118
11,19,9048,r1119
11,20,9047,r1120
11,21,9046,r1121
11,22,9045,r1122
11,23,9044,r1123
11,24,9043,r1124
11,25,9042,r1125
11,26,9041,r1126
11,27,9040,r1127
11,28,9039,r1128
11,29,9038,r1129
11,30,9037,r1130
11,31,9036,r1131
11,32,9035,r1132
11,33,9034,r1133
11,34,9033,r1134
11,35,9032,r1135
11,36,9031,r1136
11,37,9030,r1137
11,38,9029,r1138
11,39,9028,r1139
11,40,9027,r1140
11,41,9026,r1141
11,42,9025,r1142
11,43,9024,r1143
11,44,9023,r1144
11,45,9022,r1145
11,46,9021,r1146
11,47,9020,r1147
11,48,9019,r1148
11,49,9018,r1149
11,50,9017,r1150
11,51,9016,r1151
11,52,9015,r1152
11,53,9014,r1153
11,54,9013,r1154
11,55,9012,r1155
11,56,9011,r1156
11,57,9010,r1157
11,58,9009,r1158
11,59,9008,r1159
11,60,9007,r1160
11,61,9006,r1161
11,62,9005,r1162
11,63,9004,r1163
11,64,9003,r1164
11,65,9002,r1165
11,66,9001,r1166
11,67,9000,r1167
11,68,8999,r1168
11,69,8998,r1169
11,70,8997,r1170
11,71,8996,r1171
11,72,8995,r1172
11,73,8994,r1173
11,74,8993,r1174
11,75,8992,r1175
11,76,8991,r1176
11,77,8990,r1177
11,78,8989,r1178
11,79,8988,r1179
11,80,8987,r1180
11,81,8986,r1181
11,82,8985,r1182
11,83,8984,r1183
11,84,8983,r1184
11,85,8982,r1185
11,86,8981,r1186
11,87,8980,r1187
11,88,8979,r1188
11,89,8978,r1189
11,90,8977,r1190
11,91,8976,r1191
11,92,8975,r1192
11,93,8974,r1193
11,94,8973,r1194
11,95,8972,r1195
11,96,8971,r1196
11,97,8970,r1197
11,98,8969,r1198
11,99,8968,r1199
11,100,8967,r11100
12,13,8966,r1213
12,14,8965,r1214
12,15,8964,r1215
12,16,8963,r1216
12,17,8962,r1217
12,18,8961,r1218
12,19,8960,r1219
12,20,8959,r1220
12,21,8958,r1221
12,22,8957,r1222
12,23,8956,r1223
12,24,8955,r1224
12,25,8954,r1225
12,26,8953,r1226
12,27,8952,r1227
12,28,8951,r1228
12,29,8950,r1229
12,30,8949,r1230
12,31,8948,r1231
12,32,8947,r1232
12,33,8946,r1233
12,34,8945,r1234
12,35,8944,r1235
12,36,8943,r1236
12,37,8942,r1237
12,38,8941,r1238
12,39,8940,r1239
12,40,8939,r1240
12,41,8938,r1241
12,42,8937,r1242
12,43,8936,r1243
12,44,8935,r1244
12,45,8934,r1245
12,46,8933,r1246
12,47,8932,r1247
12,48,8931,r1248
12,49,8930,r1249
12,50,8929,r1250
12,51,8928,r1251
12,52,8927,r1252
12,53,8926,r1253
12,54,8925,r1254
12,55,8924,r1255
12,56,8923,r1256
12,57,8922,r1257
12,58,8921,r1258
12,59,8920,r1259
12,60,8919,r1260
12,61,8918,r1261
12,62,8917,r1262
12,63,8916,r1263
12,64,8915,r1264
12,65,8914,r1265
12,66,8913,r1266
12,67,8912,r1267
12,68,8911,r1268
12,69,8910,r1269
12,70,8909,r1270
12,71,8908,r1271
12,72,8907,r1272
12,73,8906,r1273
12,74,8905,r1274
12,75,8904,r1275
12,76,8903,r1276
12,77,8902,r1277
12,78,8901,r1278
12,79,8900,r1279
12,80,8899,r1280
12,81,8898,r1281
12,82,8897,r1282
12,83,8896,r1283
12,84,8895,r1284
12,85,8894,r1285
12,86,8893,r1286
12,87,8892,r1287
12,88,8891,r1288
12,89,8890,r1289
12,90,8889,r1290
12,91,8888,r1291
12,92,8887,r1292
12,93,8886,r1293
12,94,8885,r1294
12,95,8884,r1295
12,96,8883,r1296
12,97,8882,r1297
12,98,8881,r1298
12,99,8880,r1299
12,100,8879,r12100
13,14,8878,r1314
13,15,8877,r1315
13,16,8876,r1316
13,17,8875,r1317
13,18,8874,r1318
13,19,8873,r1319
13,20,8872,r1320
13,21,8871,r1321
13,22,8870,r1322
13,23,8869,r1323
13,24,8868,r1324
13,25,8867,r1325
13,26,8866,r1326
13,27,8865,r1327
13,28,8864,r1328
13,29,8863,r1329
13,30,8862,r1330
13,31,8861,r1331
13,32,8860,r1332
13,33,8859,r1333
13,34,8858,r1334
13,35,8857,r1335
13,36,8856,r1336
13,37,8855,r1337
13,38,8854,r1338
13,39,8853,r1339
13,40,8852,r1340
13,41,8851,r1341
13,42,8850,r1342
13,43,8849,r1343
13,44,8848,r1344
13,45,8847,r1345
13,46,8846,r1346
13,47,8845,r1347
13,48,8844,r1348
13,49,8843,r1349
13,50,8842,r1350
13,51,8841,r1351
13,52,8840,r1352
13,53,8839,r1353
13,54,8838,r1354
13,55,8837,r1355
13,56,8836,r1356
13,57,8835,r1357
13,58,8834,r1358
13,59,8833,r1359
13,60,8832,r1360
13,61,8831,r1361
13,62,8830,r1362
13,63,8829,r1363
13,64,8828,r1364
13,65,8827,r1365
13,66,8826,r1366
13,67,8825,r1367
13,68,8824,r1368
13,69,8823,r1369
13,70,8822,r1370
13,71,8821,r1371
13,72,8820,r1372
13,73,8819,r1373
13,74,8818,r1374
13,75,8817,r1375
13,76,8816,r1376
13,77,8815,r1377
13,78,8814,r1378
13,79,8813,r1379
13,80,8812,r1380
13,81,8811,r1381
13,82,8810,r1382
13,83,8809,r1383
13,84,8808,r1384
13,85,8807,r1385
13,86,8806,r1386
13,87,8805,r1387
13,88,8804,r1388
13,89,8803,r1389
13,90,8802,r1390
13,91,8801,r1391
13,92,8800,r1392
13,93,8799,r1393
13,94,8798,r1394
13,95,8797,r1395
13,96,8796,r1396
13,97,8795,r1397
13,98,8794,r1398
13,99,8793,r1399
13,100,8792,r13100
14,15,8791,r1415
14,16,8790,r1416
14,17,8789,r1417
14,18,8788,r1418
14,19,8787,r1419
14,20,8786,r1420
14,21,8785,r1421
14,22,8784,r1422
14,23,8783,r1423
14,24,8782,r1424
14,25,8781,r1425
14,26,8780,r1426
14,27,8779,r1427
14,28,8778,r1428
14,29,8777,r1429
14,30,8776,r1430
14,31,8775,r1431
14,32,8774,r1432
14,33,8773,r1433
14,34,8772,r1434
14,35,8771,r1435
14,36,8770,r1436
14,37,8769,r1437
14,38,8768,r1438
14,39,8767,r1439
14,40,8766,r1440
14,41,8765,r1441
14,42,8764,r1442
14,43,8763,r1443
14,44,8762,r1444
14,45,8761,r1445
14,46,8760,r1446
14,47,8759,r1447
14,48,8758,r1448
14,49,8757,r1449
14,50,8756,r1450
14,51,8755,r1451
14,52,8754,r1452
14,53,8753,r1453
14,54,8752,r1454
14,55,8751,r1455
14,56,8750,r1456
14,57,8749,r1457
14,58,8748,r1458
14,59,8747,r1459
14,60,8746,r1460
14,61,8745,r1461
14,62,8744,r1462
14,63,8743,r1463
14,64,8742,r1464
14,65,8741,r1465
14,66,8740,r1466
14,67,8739,r1467
14,68,8738,r1468
14,69,8737,r1469
14,70,8736,r1470
14,71,8735,r1471
14,72,8734,r1472
14,73,8733,r1473
14,74,8732,r1474
14,75,8731,r1475
14,76,8730,r1476
14,77,8729,r1477
14,78,8728,r1478
14,79,8727,r1479
14,80,8726,r1480
14,81,8725,r1481
14,82,8724,r1482
14,83,8723,r1483
14,84,8722,r1484
14,85,8721,r1485
14,86,8720,r1486
14,87,8719,r1487
14,88,8718,r1488
14,89,8717,r1489
14,90,8716,r1490
14,91,8715,r1491
14,92,8714,r1492
14,93,8713,r1493
14,94,8712,r1494
14,95,8711,r1495
14,96,8710,r1496
14,97,8709,r1497
14,98,8708,r1498
14,99,8707,r1499
14,100,8706,r14100
15,16,8705,r1516
15,17,8704,r1517
15,18,8703,r1518
15,19,8702,r1519
15,20,8701,r1520
15,21,8700,r1521
15,22,8699,r1522
15,23,8698,r1523
15,24,8697,r1524
15,25,8696,r1525
15,26,8695,r1526
15,27,8694,r1527
15,28,8693,r1528
15,29,8692,r1529
15,30,8691,r1530
15,31,8690,r1531
15,32,8689,r1532
15,33,8688,r1533
15,34,8687,r1534
15,35,8686,r1535
15,36,8685,r1536
15,37,8684,r1537
15,38,8683,r1538
15,39,8682,r1539
15,40,8681,r1540
15,41,8680,r1541
15,42,8679,r1542
15,43,8678,r1543
15,44,8677,r1544
15,45,8676,r1545
15,46,8675,r1546
15,47,8674,r1547
15,48,8673,r1548
15,49,8672,r1549
15,50,8671,r1550
15,51,8670,r1551
15,52,8669,r1552
15,53,8668,r1553
15,54,8667,r1554
15,55,8666,r1555
15,56,8665,r1556
15,57,8664,r1557
15,58,8663,r1558
15,59,8662,r1559
15,60,8661,r1560
15,61,8660,r1561
15,62,8659,r1562
15,63,8658,r1563
15,64,8657,r1564
15,65,8656,r1565
15,66,8655,r1566
15,67,8654,r1567
15,68,8653,r1568
15,69,8652,r1569
15,70,8651,r1570
15,71,8650,r1571
15,72,8649,r1572
15,73,8648,r1573
15,74,8647,r1574
15,75,8646,r1575
15,76,8645,r1576
15,77,8644,r1577
15,78,8643,r1578
15,79,8642,r1579
15,80,8641,r1580
15,81,8640,r1581
15,82,8639,r1582
15,83,8638,r1583
15,84,8637,r1584
15,85,8636,r1585
15,86,8635,r1586
15,87,8634,r1587
15,88,8633,r1588
15,89,8632,r1589
15,90,8631,r1590
15,91,8630,r1591
15,92,8629,r1592
15,93,8628,r1593
15,94,8627,r1594
15,95,8626,r1595
15,96,8625,r1596
15,97,8624,r1597
15,98,8623,r1598
15,99,8622,r1599
15,100,8621,r15100
16,17,8620,r1617
16,18,8619,r1618
16,19,8618,r1619
16,20,8617,r1620
16,21,8616,r1621
16,22,8615,r1622
16,23,8614,r1623
16,24,8613,r1624
16,25,8612,r1625
16,26,8611,r1626
16,27,8610,r1627
16,28,8609,r1628
16,29,8608,r1629
16,30,8607,r1630
16,31,8606,r1631
16,32,8605,r1632
16,33,8604,r1633
16,34,8603,r1634
16,35,8602,r1635
16,36,8601,r1636
16,37,8600,r1637
16,38,8599,r1638
16,39,8598,r1639
16,40,8597,r1640
16,41,8596,r1641
16,42,8595,r1642
16,43,8594,r1643
16,44,8593,r1644
16,45,8592,r1645
16,46,8591,r1646
16,47,8590,r1647
16,48,8589,r1648
16,49,8588,r1649
16,50,8587,r1650
16,51,8586,r1651
16,52,8585,r1652
16,53,8584,r1653
16,54,8583,r1654
16,55,8582,r1655
16,56,8581,r1656
16,57,8580,r1657
16,58,8579,r1658
16,59,8578,r1659
16,60,8577,r1660
16,61,8576,r1661
16,62,8575,r1662
16,63,8574,r1663
16,64,8573,r1664
16,65,8572,r1665
16,66,8571,r1666
16,67,8570,r1667
16,68,8569,r1668
16,69,8568,r1669
16,70,8567,r1670
16,71,8566,r1671
16,72,8565,r1672
16,73,8564,r1673
16,74,8563,r1674
16,75,8562,r1675
16,76,8561,r1676
16,77,8560,r1677
16,78,8559,r1678
16,79,8558,r1679
16,80,8557,r1680
16,81,8556,r1681
16,82,8555,r1682
16,83,8554,r1683
16,84,8553,r1684
16,85,8552,r1685
16,86,8551,r1686
16,87,8550,r1687
16,88,8549,r1688
16,89,8548,r1689
16,90,8547,r1690
16,91,8546,r1691
16,92,8545,r1692
16,93,8544,r1693
16,94,8543,r1694
16,95,8542,r1695
16,96,8541,r1696
16,97,8540,r1697
16,98,8539,r1698
16,99,8538,r1699
16,100,8537,r16100
17,18,8536,r1718
17,19,8535,r1719
17,20,8534,r1720
17,21,8533,r1721
17,22,8532,r1722
17,23,8531,r1723
17,24,8530,r1724
17,25,8529,r1725
17,26,8528,r1726
17,27,8527,r1727
17,28,8526,r1728
17,29,8525,r1729
17,30,8524,r1730
17,31,8523,r1731
17,32,8522,r1732
17,33,8521,r1733
17,34,8520,r1734
17,35,8519,r1735
17,36,8518,r1736
17,37,8517,r1737
17,38,8516,r1738
17,39,8515,r1739
17,40,8514,r1740
17,41,8513,r1741
17,42,8512,r1742
17,43,8511,r1743
17,44,8510,r1744
17,45,8509,r1745
17,46,8508,r1746
17,47,8507,r1747
17,48,8506,r1748
17,49,8505,r1749
17,50,8504,r1750
17,51,8503,r1751
17,52,8502,r1752
17,53,8501,r1753
17,54,8500,r1754
17,55,8499,r1755
17,56,8498,r1756
17,57,8497,r1757
17,58,8496,r1758
17,59,8495,r1759
17,60,8494,r1760
17,61,8493,r1761
17,62,8492,r1762
17,63,8491,r1763
17,64,8490,r1764
17,65,8489,r1765
17,66,8488,r1766
17,67,8487,r1767
17,68,8486,r1768
17,69,8485,r1769
17,70,8484,r1770
17,71,8483,r1771
17,72,8482,r1772
17,73,8481,r1773
17,74,8480,r1774
17,75,8479,r1775
17,76,8478,r1776
17,77,8477,r1777
17,78,8476,r1778
17,79,8475,r1779
17,80,8474,r1780
17,81,8473,r1781
17,82,8472,r1782
17,83,8471,r1783
17,84,8470,r1784
17,85,8469,r1785
17,86,8468,r1786
17,87,8467,r1787
17,88,8466,r1788
17,89,8465,r1789
17,90,8464,r1790
17,91,8463,r1791
17,92,8462,r1792
17,93,8461,r1793
17,94,8460,r1794
17,95,8459,r1795
17,96,8458,r1796
17,97,8457,r1797
17,98,8456,r1798
17,99,8455,r1799
17,100,8454,r17100
18,19,8453,r1819
18,20,8452,r1820
18,21,8451,r1821
18,22,8450,r1822
18,23,8449,r1823
18,24,8448,r1824
18,25,8447,r1825
18,26,8446,r1826
18,27,8445,r1827
18,28,8444,r1828
18,29,8443,r1829
18,30,8442,r1830
18,31,8441,r1831
18,32,8440,r1832
18,33,8439,r1833
18,34,8438,r1834
18,35,8437,r1835
18,36,8436,r1836
18,37,8435,r1837
18,38,8434,r1838
18,39,8433,r1839
18,40,8432,r1840
18,41,8431,r1841
18,42,8430,r1842
18,43,8429,r1843
18,44,8428,r1844
18,45,8427,r1845
18,46,8426,r1846
18,47,8425,r1847
18,48,8424,r1848
18,49,8423,r1849
18,50,8422,r1850
18,51,8421,r1851
18,52,8420,r1852
18,53,8419,r1853
18,54,8418,r1854
18,55,8417,r1855
18,56,8416,r1856
18,57,8415,r1857
18,58,8414,r1858
18,59,8413,r1859
18,60,8412,r1860
18,61,8411,r1861
18,62,8410,r1862
18,63,8409,r1863
18,64,8408,r1864
18,65,8407,r1865
18,66,8406,r1866
18,67,8405,r1867
18,68,8404,r1868
18,69,8403,r1869
18,70,8402,r1870
18,71,8401,r1871
18,72,8400,r1872
18,73,8399,r1873
18,74,8398,r1874
18,75,8397,r1875
18,76,8396,r1876
18,77,8395,r1877
18,78,8394,r1878
18,79,8393,r1879
18,80,8392,r1880
18,81,8391,r1881
18,82,8390,r1882
18,83,8389,r1883
18,84,8388,r1884
18,85,8387,r1885
18,86,8386,r1886
18,87,8385,r1887
18,88,8384,r1888
18,89,8383,r1889
18,90,8382,r1890
18,91,8381,r1891
18,92,8380,r1892
18,93,8379,r1893
18,94,8378,r1894
18,95,8377,r1895
18,96,8376,r1896
18,97,8375,r1897
18,98,8374,r1898
18,99,8373,r1899
18,100,8372,r18100
19,20,8371,r1920
19,21,8370,r1921
19,22,8369,r1922
19,23,8368,r1923
19,24,8367,r1924
19,25,8366,r1925
19,26,8365,r1926
19,27,8364,r1927
19,28,8363,r1928
19,29,8362,r1929
19,30,8361,r1930
19,31,8360,r1931
19,32,8359,r1932
19,33,8358,r1933
19,34,8357,r1934
19,35,8356,r1935
19,36,8355,r1936
19,37,8354,r1937
19,38,8353,r1938
19,39,8352,r1939
19,40,8351,r1940
19,41,8350,r1941
19,42,8349,r1942
19,43,8348,r1943
19,44,8347,r1944
19,45,8346,r1945
19,46,8345,r1946
19,47,8344,r1947
19,48,8343,r1948
19,49,8342,r1949
19,50,8341,r1950
19,51,8340,r1951
19,52,8339,r1952
19,53,8338,r1953
19,54,8337,r1954
19,55,8336,r1955
19,56,8335,r1956
19,57,8334,r1957
19,58,8333,r1958
19,59,8332,r1959
19,60,8331,r1960
19,61,8330,r1961
19,62,8329,r1962
19,63,8328,r1963
19,64,8327,r1964
19,65,8326,r1965
19,66,8325,r1966
19,67,8324,r1967
19,68,8323,r1968
19,69,8322,r1969
19,70,8321,r1970
19,71,8320,r1971
19,72,8319,r1972
19,73,8318,r1973
19,74,8317,r1974
19,75,8316,r1975
19,76,8315,r1976
19,77,8314,r1977
19,78,8313,r1978
19,79,8312,r1979
19,80,8311,r1980
19,81,8310,r1981
19,82,8309,r1982
19,83,8308,r1983
19,84,8307,r1984
19,85,8306,r1985
19,86,8305,r1986
19,87,8304,r1987
19,88,8303,r1988
19,89,8302,r1989
19,90,8301,r1990
19,91,8300,r1991
19,92,8299,r1992
19,93,8298,r1993
19,94,8297,r1994
19,95,8296,r1995
19,96,8295,r1996
19,97,8294,r1997
19,98,8293,r1998
19,99,8292,r1999
19,100,8291,r19100
20,21,8290,r2021
20,22,8289,r2022
20,23,8288,r2023
20,24,8287,r2024
20,25,8286,r2025
20,26,8285,r2026
20,27,8284,r2027
20,28,8283,r2028
20,29,8282,r2029
20,30,8281,r2030
20,31,8280,r2031
20,32,8279,r2032
20,33,8278,r2033
20,34,8277,r2034
20,35,8276,r2035
20,36,8275,r2036
20,37,8274,r2037
20,38,8273,r2038
20,39,8272,r2039
20,40,8271,r2040
20,41,8270,r2041
20,42,8269,r2042
20,43,8268,r2043
20,44,8267,r2044
20,45,8266,r2045
20,46,8265,r2046
20,47,8264,r2047
20,48,8263,r2048
20,49,8262,r2049
20,50,8261,r2050
20,51,8260,r2051
20,52,8259,r2052
20,53,8258,r2053
20,54,8257,r2054
20,55,8256,r2055
20,56,8255,r2056
20,57,8254,r2057
20,58,8253,r2058
20,59,8252,r2059
20,60,8251,r2060
20,61,8250,r2061
20,62,8249,r2062
20,63,8248,r2063
20,64,8247,r2064
20,65,8246,r2065
20,66,8245,r2066
20,67,8244,r2067
20,68,8243,r2068
20,69,8242,r2069
20,70,8241,r2070
20,71,8240,r2071
20,72,8239,r2072
20,73,8238,r2073
20,74,8237,r2074
20,75,8236,r2075
20,76,8235,r2076
20,77,8234,r2077
20,78,8233,r2078
20,79,8232,r2079
20,80,8231,r2080
20,81,8230,r2081
20,82,8229,r2082
20,83,8228,r2083
20,84,8227,r2084
20,85,8226,r2085
20,86,8225,r2086
20,87,8224,r2087
20,88,8223,r2088
20,89,8222,r2089
20,90,8221,r2090
20,91,8220,r2091
20,92,8219,r2092
20,93,8218,r2093
20,94,8217,r2094
20,95,8216,r2095
20,96,8215,r2096
20,97,8214,r2097
20,98,8213,r2098
20,99,8212,r2099
20,100,8211,r20100
21,22,8210,r2122
21,23,8209,r2123
21,24,8208,r2124
21,25,8207,r2125
21,26,8206,r2126
21,27,8205,r2127
21,28,8204,r2128
21,29,8203,r2129
21,30,8202,r2130
21,31,8201,r2131
21,32,8200,r2132
21,33,8199,r2133
21,34,8198,r2134
21,35,8197,r2135
21,36,8196,r2136
21,37,8195,r2137
21,38,8194,r2138
21,39,8193,r2139
21,40,8192,r2140
21,41,8191,r2141
21,42,8190,r2142
21,43,8189,r2143
21,44,8188,r2144
21,45,8187,r2145
21,46,8186,r2146
21,47,8185,r2147
21,48,8184,r2148
21,49,8183,r2149
21,50,8182,r2150
21,51,8181,r2151
21,52,8180,r2152
21,53,8179,r2153
21,54,8178,r2154
21,55,8177,r2155
21,56,8176,r2156
21,57,8175,r2157
21,58,8174,r2158
21,59,8173,r2159
21,60,8172,r2160
21,61,8171,r2161
21,62,8170,r2162
21,63,8169,r2163
21,64,8168,r2164
21,65,8167,r2165
21,66,8166,r2166
21,67,8165,r2167
21,68,8164,r2168
21,69,8163,r2169
21,70,8162,r2170
21,71,8161,r2171
21,72,8160,r2172
21,73,8159,r2173
21,74,8158,r2174
21,75,8157,r2175
21,76,8156,r2176
21,77,8155,r2177
21,78,8154,r2178
21,79,8153,r2179
21,80,8152,r2180
21,81,8151,r2181
21,82,8150,r2182
21,83,8149,r2183
21,84,8148,r2184
21,85,8147,r2185
21,86,8146,r2186
21,87,8145,r2187
21,88,8144,r2188
21,89,8143,r2189
21,90,8142,r2190
21,91,8141,r2191
21,92,8140,r2192
21,93,8139,r2193
21,94,8138,r2194
21,95,8137,r2195
21,96,8136,r2196
21,97,8135,r2197
21,98,8134,r2198
21,99,8133,r2199
21,100,8132,r21100
22,23,8131,r2223
22,24,8130,r2224
22,25,8129,r2225
22,26,8128,r2226
22,27,8127,r2227
22,28,8126,r2228
22,29,8125,r2229
22,30,8124,r2230
22,31,8123,r2231
22,32,8122,r2232
22,33,8121,r2233
22,34,8120,r2234
22,35,8119,r2235
22,36,8118,r2236
22,37,8117,r2237
22,38,8116,r2238
22,39,8115,r2239
22,40,8114,r2240
22,41,8113,r2241
22,42,8112,r2242
22,43,8111,r2243
22,44,8110,r2244
22,45,8109,r2245
22,46,8108,r2246
22,47,8107,r2247
22,48,8106,r2248
22,49,8105,r2249
22,50,8104,r2250
22,51,8103,r2251
22,52,8102,r2252
22,53,8101,r2253
22,54,8100,r2254
22,55,8099,r2255
22,56,8098,r2256
22,57,8097,r2257
22,58,8096,r2258
22,59,8095,r2259
22,60,8094,r2260
22,61,8093,r2261
22,62,8092,r2262
22,63,8091,r2263
22,64,8090,r2264
22,65,8089,r2265
22,66,8088,r2266
22,67,8087,r2267
22,68,8086,r2268
22,69,8085,r2269
22,70,8084,r2270
22,71,8083,r2271
22,72,8082,r2272
22,73,8081,r2273
22,74,8080,r2274
22,75,8079,r2275
22,76,8078,r2276
22,77,8077,r2277
22,78,8076,r2278
22,79,8075,r2279
22,80,8074,r2280
22,81,8073,r2281
22,82,8072,r2282
22,83,8071,r2283
22,84,8070,r2284
22,85,8069,r2285
22,86,8068,r2286
22,87,8067,r2287
22,88,8066,r2288
22,89,8065,r2289
22,90,8064,r2290
22,91,8063,r2291
22,92,8062,r2292
22,93,8061,r2293
22,94,8060,r2294
22,95,8059,r2295
22,96,8058,r2296
22,97,8057,r2297
22,98,8056,r2298
22,99,8055,r2299
22,100,8054,r22100
23,24,8053,r2324
23,25,8052,r2325
23,26,8051,r2326
23,27,8050,r2327
23,28,8049,r2328
23,29,8048,r2329
23,30,8047,r2330
23,31,8046,r2331
23,32,8045,r2332
23,33,8044,r2333
23,34,8043,r2334
23,35,8042,r2335
23,36,8041,r2336
23,37,8040,r2337
23,38,8039,r2338
23,39,8038,r2339
23,40,8037,r2340
23,41,8036,r2341
23,42,8035,r2342
23,43,8034,r2343
23,44,8033,r2344
23,45,8032,r2345
23,46,8031,r2346
23,47,8030,r2347
23,48,8029,r2348
23,49,8028,r2349
23,50,8027,r2350
23,51,8026,r2351
23,52,8025,r2352
23,53,8024,r2353
23,54,8023,r2354
23,55,8022,r2355
23,56,8021,r2356
23,57,8020,r2357
23,58,8019,r2358
23,59,8018,r2359
23,60,8017,r2360
23,61,8016,r2361
23,62,8015,r2362
23,63,8014,r2363
23,64,8013,r2364
23,65,8012,r2365
23,66,8011,r2366
23,67,8010,r2367
23,68,8009,r2368
23,69,8008,r2369
23,70,8007,r2370
23,71,8006,r2371
23,72,8005,r2372
23,73,8004,r2373
23,74,8003,r2374
23,75,8002,r2375
23,76,8001,r2376
23,77,8000,r2377
23,78,7999,r2378
23,79,7998,r2379
23,80,7997,r2380
23,81,7996,r2381
23,82,7995,r2382
23,83,7994,r2383
23,84,7993,r2384
23,85,7992,r2385
23,86,7991,r2386
23,87,7990,r2387
23,88,7989,r2388
23,89,7988,r2389
23,90,7987,r2390
23,91,7986,r2391
23,92,7985,r2392
23,93,7984,r2393
23,94,7983,r2394
23,95,7982,r2395
23,96,7981,r2396
23,97,7980,r2397
23,98,7979,r2398
23,99,7978,r2399
23,100,7977,r23100
24,25,7976,r2425
24,26,7975,r2426
24,27,7974,r2427
24,28,7973,r2428
24,29,7972,r2429
24,30,7971,r2430
24,31,7970,r2431
24,32,7969,r2432
24,33,7968,r2433
24,34,7967,r2434
24,35,7966,r2435
24,36,7965,r2436
24,37,7964,r2437
24,38,7963,r2438
24,39,7962,r2439
24,40,7961,r2440
24,41,7960,r2441
24,42,7959,r2442
24,43,7958,r2443
24,44,7957,r2444
24,45,7956,r2445
24,46,7955,r2446
24,47,7954,r2447
24,48,7953,r2448
24,49,7952,r2449
24,50,7951,r2450
24,51,7950,r2451
24,52,7949,r2452
24,53,7948,r2453
24,54,7947,r2454
24,55,7946,r2455
24,56,7945,r2456
24,57,7944,r2457
24,58,7943,r2458
24,59,7942,r2459
24,60,7941,r2460
24,61,7940,r2461
24,62,7939,r2462
24,63,7938,r2463
24,64,7937,r2464
24,65,7936,r2465
24,66,7935,r2466
24,67,7934,r2467
24,68,7933,r2468
24,69,7932,r2469
24,70,7931,r2470
24,71,7930,r2471
24,72,7929,r2472
24,73,7928,r2473
24,74,7927,r2474
24,75,7926,r2475
24,76,7925,r2476
24,77,7924,r2477
24,78,7923,r2478
24,79,7922,r2479
24,80,7921,r2480
24,81,7920,r2481
24,82,7919,r2482
24,83,7918,r2483
24,84,7917,r2484
24,85,7916,r2485
24,86,7915,r2486
24,87,7914,r2487
24,88,7913,r2488
24,89,7912,r2489
24,90,7911,r2490
24,91,7910,r2491
24,92,7909,r2492
24,93,7908,r2493
24,94,7907,r2494
24,95,7906,r2495
24,96,7905,r2496
24,97,7904,r2497
24,98,7903,r2498
24,99,7902,r2499
24,100,7901,r24100
25,26,7900,r2526
25,27,7899,r2527
25,28,7898,r2528
25,29,7897,r2529
25,30,7896,r2530
25,31,7895,r2531
25,32,7894,r2532
25,33,7893,r2533
25,34,7892,r2534
25,35,7891,r2535
25,36,7890,r2536
25,37,7889,r2537
25,38,7888,r2538
25,39,7887,r2539
25,40,7886,r2540
25,41,7885,r2541
25,42,7884,r2542
25,43,7883,r2543
25,44,7882,r2544
25,45,7881,r2545
25,46,7880,r2546
25,47,7879,r2547
25,48,7878,r2548
25,49,7877,r2549
25,50,7876,r2550
25,51,7875,r2551
25,52,7874,r2552
25,53,7873,r2553
25,54,7872,r2554
25,55,7871,r2555
25,56,7870,r2556
25,57,7869,r2557
25,58,7868,r2558
25,59,7867,r2559
25,60,7866,r2560
25,61,7865,r2561
25,62,7864,r2562
25,63,7863,r2563
25,64,7862,r2564
25,65,7861,r2565
25,66,7860,r2566
25,67,7859,r2567
25,68,7858,r2568
25,69,7857,r2569
25,70,7856,r2570
25,71,7855,r2571
25,72,7854,r2572
25,73,7853,r2573
25,74,7852,r2574
25,75,7851,r2575
25,76,7850,r2576
25,77,7849,r2577
25,78,7848,r2578
25,79,7847,r2579
25,80,7846,r2580
25,81,7845,r2581
25,82,7844,r2582
25,83,7843,r2583
25,84,7842,r2584
25,85,7841,r2585
25,86,7840,r2586
25,87,7839,r2587
25,88,7838,r2588
25,89,7837,r2589
25,90,7836,r2590
25,91,7835,r2591
25,92,7834,r2592
25,93,7833,r2593
25,94,7832,r2594
25,95,7831,r2595
25,96,7830,r2596
25,97,7829,r2597
25,98,7828,r2598
25,99,7827,r2599
25,100,7826,r25100
26,27,7825,r2627
26,28,7824,r2628
26,29,7823,r2629
26,30,7822,r2630
26,31,7821,r2631
26,32,7820,r2632
26,33,7819,r2633
26,34,7818,r2634
26,35,7817,r2635
26,36,7816,r2636
26,37,7815,r2637
26,38,7814,r2638
26,39,7813,r2639
26,40,7812,r2640
26,41,7811,r2641
26,42,7810,r2642
26,43,7809,r2643
26,44,7808,r2644
26,45,7807,r2645
26,46,7806,r2646
26,47,7805,r2647
26,48,7804,r2648
26,49,7803,r2649
26,50,7802,r2650
26,51,7801,r2651
26,52,7800,r2652
26,53,7799,r2653
26,54,7798,r2654
26,55,7797,r2655
26,56,7796,r2656
26,57,7795,r2657
26,58,7794,r2658
26,59,7793,r2659
26,60,7792,r2660
26,61,7791,r2661
26,62,7790,r2662
26,63,7789,r2663
26,64,7788,r2664
26,65,7787,r2665
26,66,7786,r2666
26,67,7785,r2667
26,68,7784,r2668
26,69,7783,r2669
26,70,7782,r2670
26,71,7781,r2671
26,72,7780,r2672
26,73,7779,r2673
26,74,7778,r2674
26,75,7777,r2675
26,76,7776,r2676
26,77,7775,r2677
26,78,7774,r2678
26,79,7773,r2679
26,80,7772,r2680
26,81,7771,r2681
26,82,7770,r2682
26,83,7769,r2683
26,84,7768,r2684
26,85,7767,r2685
26,86,7766,r2686
26,87,7765,r2687
26,88,7764,r2688
26,89,7763,r2689
26,90,7762,r2690
26,91,7761,r2691
26,92,7760,r2692
26,93,7759,r2693
26,94,7758,r2694
26,95,7757,r2695
26,96,7756,r2696
26,97,7755,r2697
26,98,7754,r2698
26,99,7753,r2699
26,100,7752,r26100
27,28,7751,r2728
27,29,7750,r2729
27,30,7749,r2730
27,31,7748,r2731
27,32,7747,r2732
27,33,7746,r2733
27,34,7745,r2734
27,35,7744,r2735
27,36,7743,r2736
27,37,7742,r2737
27,38,7741,r2738
27,39,7740,r2739
27,40,7739,r2740
27,41,7738,r2741
27,42,7737,r2742
27,43,7736,r2743
27,44,7735,r2744
27,45,7734,r2745
27,46,7733,r2746
27,47,7732,r2747
27,48,7731,r2748
27,49,7730,r2749
27,50,7729,r2750
27,51,7728,r2751
27,52,7727,r2752
27,53,7726,r2753
27,54,7725,r2754
27,55,7724,r2755
27,56,7723,r2756
27,57,7722,r2757
27,58,7721,r2758
27,59,7720,r2759
27,60,7719,r2760
27,61,7718,r2761
27,62,7717,r2762
27,63,7716,r2763
27,64,7715,r2764
27,65,7714,r2765
27,66,7713,r2766
27,67,7712,r2767
27,68,7711,r2768
27,69,7710,r2769
27,70,7709,r2770
27,71,7708,r2771
27,72,7707,r2772
27,73,7706,r2773
27,74,7705,r2774
27,75,7704,r2775
27,76,7703,r2776
27,77,7702,r2777
27,78,7701,r2778
27,79,7700,r2779
27,80,7699,r2780
27,81,7698,r2781
27,82,7697,r2782
27,83,7696,r2783
27,84,7695,r2784
27,85,7694,r2785
27,86,7693,r2786
27,87,7692,r2787
27,88,7691,r2788
27,89,7690,r2789
27,90,7689,r2790
27,91,7688,r2791
27,92,7687,r2792
27,93,7686,r2793
27,94,7685,r2794
27,95,7684,r2795
27,96,7683,r2796
27,97,7682,r2797
27,98,7681,r2798
27,99,7680,r2799
27,100,7679,r27100
28,29,7678,r2829
28,30,7677,r2830
28,31,7676,r2831
28,32,7675,r2832
28,33,7674,r2833
28,34,7673,r2834
28,35,7672,r2835
28,36,7671,r2836
28,37,7670,r2837
28,38,7669,r2838
28,39,7668,r2839
28,40,7667,r2840
28,41,7666,r2841
28,42,7665,r2842
28,43,7664,r2843
28,44,7663,r2844
28,45,7662,r2845
28,46,7661,r2846
28,47,7660,r2847
28,48,7659,r2848
28,49,7658,r2849
28,50,7657,r2850
28,51,7656,r2851
28,52,7655,r2852
28,53,7654,r2853
28,54,7653,r2854
28,55,7652,r2855
28,56,7651,r2856
28,57,7650,r2857
28,58,7649,r2858
28,59,7648,r2859
28,60,7647,r2860
28,61,7646,r2861
28,62,7645,r2862
28,63,7644,r2863
28,64,7643,r2864
28,65,7642,r2865
28,66,7641,r2866
28,67,7640,r2867
28,68,7639,r2868
28,69,7638,r2869
28,70,7637,r2870
28,71,7636,r2871
28,72,7635,r2872
28,73,7634,r2873
28,74,7633,r2874
28,75,7632,r2875
28,76,7631,r2876
28,77,7630,r2877
28,78,7629,r2878
28,79,7628,r2879
28,80,7627,r2880
28,81,7626,r2881
28,82,7625,r2882
28,83,7624,r2883
28,84,7623,r2884
28,85,7622,r2885
28,86,7621,r2886
28,87,7620,r2887
28,88,7619,r2888
28,89,7618,r2889
28,90,7617,r2890
28,91,7616,r2891
28,92,7615,r2892
28,93,7614,r2893
28,94,7613,r2894
28,95,7612,r2895
28,96,7611,r2896
28,97,7610,r2897
28,98,7609,r2898
28,99,7608,r2899
28,100,7607,r28100
29,30,7606,r2930
29,31,7605,r2931
29,32,7604,r2932
29,33,7603,r2933
29,34,7602,r2934
29,35,7601,r2935
29,36,7600,r2936
29,37,7599,r2937
29,38,7598,r2938
29,39,7597,r2939
29,40,7596,r2940
29,41,7595,r2941
29,42,7594,r2942
29,43,7593,r2943
29,44,7592,r2944
29,45,7591,r2945
29,46,7590,r2946
29,47,7589,r2947
29,48,7588,r2948
29,49,7587,r2949
29,50,7586,r2950
29,51,7585,r2951
29,52,7584,r2952
29,53,7583,r2953
29,54,7582,r2954
29,55,7581,r2955
29,56,7580,r2956
29,57,7579,r2957
29,58,7578,r2958
29,59,7577,r2959
29,60,7576,r2960
29,61,7575,r2961
29,62,7574,r2962
29,63,7573,r2963
29,64,7572,r2964
29,65,7571,r2965
29,66,7570,r2966
29,67,7569,r2967
29,68,7568,r2968
29,69,7567,r2969
29,70,7566,r2970
29,71,7565,r2971
29,72,7564,r2972
29,73,7563,r2973
29,74,7562,r2974
29,75,7561,r2975
29,76,7560,r2976
29,77,7559,r2977
29,78,7558,r2978
29,79,7557,r2979
29,80,7556,r2980
29,81,7555,r2981
29,82,7554,r2982
29,83,7553,r2983
29,84,7552,r2984
29,85,7551,r2985
29,86,7550,r2986
29,87,7549,r2987
29,88,7548,r2988
29,89,7547,r2989
29,90,7546,r2990
29,91,7545,r2991
29,92,7544,r2992
29,93,7543,r2993
29,94,7542,r2994
29,95,7541,r2995
29,96,7540,r2996
29,97,7539,r2997
29,98,7538,r2998
29,99,7537,r2999
29,100,7536,r29100
30,31,7535,r3031
30,32,7534,r3032
30,33,7533,r3033
30,34,7532,r3034
30,35,7531,r3035
30,36,7530,r3036
30,37,7529,r3037
30,38,7528,r3038
30,39,7527,r3039
30,40,7526,r3040
30,41,7525,r3041
30,42,7524,r3042
30,43,7523,r3043
30,44,7522,r3044
30,45,7521,r3045
30,46,7520,r3046
30,47,7519,r3047
30,48,7518,r3048
30,49,7517,r3049
30,50,7516,r3050
30,51,7515,r3051
30,52,7514,r3052
30,53,7513,r3053
30,54,7512,r3054
30,55,7511,r3055
30,56,7510,r3056
30,57,7509,r3057
30,58,7508,r3058
30,59,7507,r3059
30,60,7506,r3060
30,61,7505,r3061
30,62,7504,r3062
30,63,7503,r3063
30,64,7502,r3064
30,65,7501,r3065
30,66,7500,r3066
30,67,7499,r3067
30,68,7498,r3068
30,69,7497,r3069
30,70,7496,r3070
30,71,7495,r3071
30,72,7494,r3072
30,73,7493,r3073
30,74,7492,r3074
30,75,7491,r3075
30,76,7490,r3076
30,77,7489,r3077
30,78,7488,r3078
30,79,7487,r3079
30,80,7486,r3080
30,81,7485,r3081
30,82,7484,r3082
30,83,7483,r3083
30,84,7482,r3084
30,85,7481,r3085
30,86,7480,r3086
30,87,7479,r3087
30,88,7478,r3088
30,89,7477,r3089
30,90,7476,r3090
30,91,7475,r3091
30,92,7474,r3092
30,93,7473,r3093
30,94,7472,r3094
30,95,7471,r3095
30,96,7470,r3096
30,97,7469,r3097
30,98,7468,r3098
30,99,7467,r3099
30,100,7466,r30100
31,32,7465,r3132
31,33,7464,r3133
31,34,7463,r3134
31,35,7462,r3135
31,36,7461,r3136
31,37,7460,r3137
31,38,7459,r3138
31,39,7458,r3139
31,40,7457,r3140
31,41,7456,r3141
31,42,7455,r3142
31,43,7454,r3143
31,44,7453,r3144
31,45,7452,r3145
31,46,7451,r3146
31,47,7450,r3147
31,48,7449,r3148
31,49,7448,r3149
31,50,7447,r3150
31,51,7446,r3151
31,52,7445,r3152
31,53,7444,r3153
31,54,7443,r3154
31,55,7442,r3155
31,56,7441,r3156
31,57,7440,r3157
31,58,7439,r3158
31,59,7438,r3159
31,60,7437,r3160
31,61,7436,r3161
31,62,7435,r3162
31,63,7434,r3163
31,64,7433,r3164
31,65,7432,r3165
31,66,7431,r3166
31,67,7430,r3167
31,68,7429,r3168
31,69,7428,r3169
31,70,7427,r3170
31,71,7426,r3171
31,72,7425,r3172
31,73,7424,r3173
31,74,7423,r3174
31,75,7422,r3175
31,76,7421,r3176
31,77,7420,r3177
31,78,7419,r3178
31,79,7418,r3179
31,80,7417,r3180
31,81,7416,r3181
31,82,7415,r3182
31,83,7414,r3183
31,84,7413,r3184
31,85,7412,r3185
31,86,7411,r3186
31,87,7410,r3187
31,88,7409,r3188
31,89,7408,r3189
31,90,7407,r3190
31,91,7406,r3191
31,92,7405,r3192
31,93,7404,r3193
31,94,7403,r3194
31,95,7402,r3195
31,96,7401,r3196
31,97,7400,r3197
31,98,7399,r3198
31,99,7398,r3199
31,100,7397,r31100
32,33,7396,r3233
32,34,7395,r3234
32,35,7394,r3235
32,36,7393,r3236
32,37,7392,r3237
32,38,7391,r3238
32,39,7390,r3239
32,40,7389,r3240
32,41,7388,r3241
32,42,7387,r3242
32,43,7386,r3243
32,44,7385,r3244
32,45,7384,r3245
32,46,7383,r3246
32,47,7382,r3247
32,48,7381,r3248
32,49,7380,r3249
32,50,7379,r3250
32,51,7378,r3251
32,52,7377,r3252
32,53,7376,r3253
32,54,7375,r3254
32,55,7374,r3255
32,56,7373,r3256
32,57,7372,r3257
32,58,7371,r3258
32,59,7370,r3259
32,60,7369,r3260
32,61,7368,r3261
32,62,7367,r3262
32,63,7366,r3263
32,64,7365,r3264
32,65,7364,r3265
32,66,7363,r3266
32,67,7362,r3267
32,68,7361,r3268
32,69,7360,r3269
32,70,7359,r3270
32,71,7358,r3271
32,72,7357,r3272
32,73,7356,r3273
32,74,7355,r3274
32,75,7354,r3275
32,76,7353,r3276
32,77,7352,r3277
32,78,7351,r3278
32,79,7350,r3279
32,80,7349,r3280
32,81,7348,r3281
32,82,7347,r3282
32,83,7346,r3283
32,84,7345,r3284
32,85,7344,r3285
32,86,7343,r3286
32,87,7342,r3287
32,88,7341,r3288
32,89,7340,r3289
32,90,7339,r3290
32,91,7338,r3291
32,92,7337,r3292
32,93,7336,r3293
32,94,7335,r3294
32,95,7334,r3295
32,96,7333,r3296
32,97,7332,r3297
32,98,7331,r3298
32,99,7330,r3299
32,100,7329,r32100
33,34,7328,r3334
33,35,7327,r3335
33,36,7326,r3336
33,37,7325,r3337
33,38,7324,r3338
33,39,7323,r3339
33,40,7322,r3340
33,41,7321,r3341
33,42,7320,r3342
33,43,7319,r3343
33,44,7318,r3344
33,45,7317,r3345
33,46,7316,r3346
33,47,7315,r3347
33,48,7314,r3348
33,49,7313,r3349
33,50,7312,r3350
33,51,7311,r3351
33,52,7310,r3352
33,53,7309,r3353
33,54,7308,r3354
33,55,7307,r3355
33,56,7306,r3356
33,57,7305,r3357
33,58,7304,r3358
33,59,7303,r3359
33,60,7302,r3360
33,61,7301,r3361
33,62,7300,r3362
33,63,7299,r3363
33,64,7298,r3364
33,65,7297,r3365
33,66,7296,r3366
33,67,7295,r3367
33,68,7294,r3368
33,69,7293,r3369
33,70,7292,r3370
33,71,7291,r3371
33,72,7290,r3372
33,73,7289,r3373
33,74,7288,r3374
33,75,7287,r3375
33,76,7286,r3376
33,77,7285,r3377
33,78,7284,r3378
33,79,7283,r3379
33,80,7282,r3380
33,81,7281,r3381
33,82,7280,r3382
33,83,7279,r3383
33,84,7278,r3384
33,85,7277,r3385
33,86,7276,r3386
33,87,7275,r3387
33,88,7274,r3388
33,89,7273,r3389
33,90,7272,r3390
33,91,7271,r3391
33,92,7270,r3392
33,93,7269,r3393
33,94,7268,r3394
33,95,7267,r3395
33,96,7266,r3396
33,97,7265,r3397
33,98,7264,r3398
33,99,7263,r3399
33,100,7262,r33100
34,35,7261,r3435
34,36,7260,r3436
34,37,7259,r3437
34,38,7258,r3438
34,39,7257,r3439
34,40,7256,r3440
34,41,7255,r3441
34,42,7254,r3442
34,43,7253,r3443
34,44,7252,r3444
34,45,7251,r3445
34,46,7250,r3446
34,47,7249,r3447
34,48,7248,r3448
34,49,7247,r3449
34,50,7246,r3450
34,51,7245,r3451
34,52,7244,r3452
34,53,7243,r3453
34,54,7242,r3454
34,55,7241,r3455
34,56,7240,r3456
34,57,7239,r3457
34,58,7238,r3458
34,59,7237,r3459
34,60,7236,r3460
34,61,7235,r3461
34,62,7234,r3462
34,63,7233,r3463
34,64,7232,r3464
34,65,7231,r3465
34,66,7230,r3466
34,67,7229,r3467
34,68,7228,r3468
34,69,7227,r3469
34,70,7226,r3470
34,71,7225,r3471
34,72,7224,r3472
34,73,7223,r3473
34,74,7222,r3474
34,75,7221,r3475
34,76,7220,r3476
34,77,7219,r3477
34,78,7218,r3478
34,79,7217,r3479
34,80,7216,r3480
34,81,7215,r3481
34,82,7214,r3482
34,83,7213,r3483
34,84,7212,r3484
34,85,7211,r3485
34,86,7210,r3486
34,87,7209,r3487
34,88,7208,r3488
34,89,7207,r3489
34,90,7206,r3490
34,91,7205,r3491
34,92,7204,r3492
34,93,7203,r3493
34,94,7202,r3494
34,95,7201,r3495
34,96,7200,r3496
34,97,7199,r3497
34,98,7198,r3498
34,99,7197,r3499
34,100,7196,r34100
35,36,7195,r3536
35,37,7194,r3537
35,38,7193,r3538
35,39,7192,r3539
35,40,7191,r3540
35,41,7190,r3541
35,42,7189,r3542
35,43,7188,r3543
35,44,7187,r3544
35,45,7186,r3545
35,46,7185,r3546
35,47,7184,r3547
35,48,7183,r3548
35,49,7182,r3549
35,50,7181,r3550
35,51,7180,r3551
35,52,7179,r3552
35,53,7178,r3553
35,54,7177,r3554
35,55,7176,r3555
35,56,7175,r3556
35,57,7174,r3557
35,58,7173,r3558
35,59,7172,r3559
35,60,7171,r3560
35,61,7170,r3561
35,62,7169,r3562
35,63,7168,r3563
35,64,7167,r3564
35,65,7166,r3565
35,66,7165,r3566
35,67,7164,r3567
35,68,7163,r3568
35,69,7162,r3569
35,70,7161,r3570
35,71,7160,r3571
35,72,7159,r3572
35,73,7158,r3573
35,74,7157,r3574
35,75,7156,r3575
35,76,7155,r3576
35,77,7154,r3577
35,78,7153,r3578
35,79,7152,r3579
35,80,7151,r3580
35,81,7150,r3581
35,82,7149,r3582
35,83,7148,r3583
35,84,7147,r3584
35,85,7146,r3585
35,86,7145,r3586
35,87,7144,r3587
35,88,7143,r3588
35,89,7142,r3589
35,90,7141,r3590
35,91,7140,r3591
35,92,7139,r3592
35,93,7138,r3593
35,94,7137,r3594
35,95,7136,r3595
35,96,7135,r3596
35,97,7134,r3597
35,98,7133,r3598
35,99,7132,r3599
35,100,7131,r35100
36,37,7130,r3637
36,38,7129,r3638
36,39,7128,r3639
36,40,7127,r3640
36,41,7126,r3641
36,42,7125,r3642
36,43,7124,r3643
36,44,7123,r3644
36,45,7122,r3645
36,46,7121,r3646
36,47,7120,r3647
36,48,7119,r3648
36,49,7118,r3649
36,50,7117,r3650
36,51,7116,r3651
36,52,7115,r3652
36,53,7114,r3653
36,54,7113,r3654
36,55,7112,r3655
36,56,7111,r3656
36,57,7110,r3657
36,58,7109,r3658
36,59,7108,r3659
36,60,7107,r3660
36,61,7106,r3661
36,62,7105,r3662
36,63,7104,r3663
36,64,7103,r3664
36,65,7102,r3665
36,66,7101,r3666
36,67,7100,r3667
36,68,7099,r3668
36,69,7098,r3669
36,70,7097,r3670
36,71,7096,r3671
36,72,7095,r3672
36,73,7094,r3673
36,74,7093,r3674
36,75,7092,r3675
36,76,7091,r3676
36,77,7090,r3677
36,78,7089,r3678
36,79,7088,r3679
36,80,7087,r3680
36,81,7086,r3681
36,82,7085,r3682
36,83,7084,r3683
36,84,7083,r3684
36,85,7082,r3685
36,86,7081,r3686
36,87,7080,r3687
36,88,7079,r3688
36,89,7078,r3689
36,90,7077,r3690
36,91,7076,r3691
36,92,7075,r3692
36,93,7074,r3693
36,94,7073,r3694
36,95,7072,r3695
36,96,7071,r3696
36,97,7070,r3697
36,98,7069,r3698
36,99,7068,r3699
36,100,7067,r36100
37,38,7066,r3738
37,39,7065,r3739
37,40,7064,r3740
37,41,7063,r3741
37,42,7062,r3742
37,43,7061,r3743
37,44,7060,r3744
37,45,7059,r3745
37,46,7058,r3746
37,47,7057,r3747
37,48,7056,r3748
37,49,7055,r3749
37,50,7054,r3750
37,51,7053,r3751
37,52,7052,r3752
37,53,7051,r3753
37,54,7050,r3754
37,55,7049,r3755
37,56,7048,r3756
37,57,7047,r3757
37,58,7046,r3758
37,59,7045,r3759
37,60,7044,r3760
37,61,7043,r3761
37,62,7042,r3762
37,63,7041,r3763
37,64,7040,r3764
37,65,7039,r3765
37,66,7038,r3766
37,67,7037,r3767
37,68,7036,r3768
37,69,7035,r3769
37,70,7034,r3770
37,71,7033,r3771
37,72,7032,r3772
37,73,7031,r3773
37,74,7030,r3774
37,75,7029,r3775
37,76,7028,r3776
37,77,7027,r3777
37,78,7026,r3778
37,79,7025,r3779
37,80,7024,r3780
37,81,7023,r3781
37,82,7022,r3782
37,83,7021,r3783
37,84,7020,r3784
37,85,7019,r3785
37,86,7018,r3786
37,87,7017,r3787
37,88,7016,r3788
37,89,7015,r3789
37,90,7014,r3790
37,91,7013,r3791
37,92,7012,r3792
37,93,7011,r3793
37,94,7010,r3794
37,95,7009,r3795
37,96,7008,r3796
37,97,7007,r3797
37,98,7006,r3798
37,99,7005,r3799
37,100,7004,r37100
38,39,7003,r3839
38,40,7002,r3840
38,41,7001,r3841
38,42,7000,r3842
38,43,6999,r3843
38,44,6998,r3844
38,45,6997,r3845
38,46,6996,r3846
38,47,6995,r3847
38,48,6994,r3848
38,49,6993,r3849
38,50,6992,r3850
38,51,6991,r3851
38,52,6990,r3852
38,53,6989,r3853
38,54,6988,r3854
38,55,6987,r3855
38,56,6986,r3856
38,57,6985,r3857
38,58,6984,r3858
38,59,6983,r3859
38,60,6982,r3860
38,61,6981,r3861
38,62,6980,r3862
38,63,6979,r3863
38,64,6978,r3864
38,65,6977,r3865
38,66,6976,r3866
38,67,6975,r3867
38,68,6974,r3868
38,69,6973,r3869
38,70,6972,r3870
38,71,6971,r3871
38,72,6970,r3872
38,73,6969,r3873
38,74,6968,r3874
38,75,6967,r3875
38,76,6966,r3876
38,77,6965,r3877
38,78,6964,r3878
38,79,6963,r3879
38,80,6962,r3880
38,81,6961,r3881
38,82,6960,r3882
38,83,6959,r3883
38,84,6958,r3884
38,85,6957,r3885
38,86,6956,r3886
38,87,6955,r3887
38,88,6954,r3888
38,89,6953,r3889
38,90,6952,r3890
38,91,6951,r3891
38,92,6950,r3892
38,93,6949,r3893
38,94,6948,r3894
38,95,6947,r3895
38,96,6946,r3896
38,97,6945,r3897
38,98,6944,r3898
38,99,6943,r3899
38,100,6942,r38100
39,40,6941,r3940
39,41,6940,r3941
39,42,6939,r3942
39,43,6938,r3943
39,44,6937,r3944
39,45,6936,r3945
39,46,6935,r3946
39,47,6934,r3947
39,48,6933,r3948
39,49,6932,r3949
39,50,6931,r3950
39,51,6930,r3951
39,52,6929,r3952
39,53,6928,r3953
39,54,6927,r3954
39,55,6926,r3955
39,56,6925,r3956
39,57,6924,r3957
39,58,6923,r3958
39,59,6922,r3959
39,60,6921,r3960
39,61,6920,r3961
39,62,6919,r3962
39,63,6918,r3963
39,64,6917,r3964
39,65,6916,r3965
39,66,6915,r3966
39,67,6914,r3967
39,68,6913,r3968
39,69,6912,r3969
39,70,6911,r3970
39,71,6910,r3971
39,72,6909,r3972
39,73,6908,r3973
39,74,6907,r3974
39,75,6906,r3975
39,76,6905,r3976
39,77,6904,r3977
39,78,6903,r3978
39,79,6902,r3979
39,80,6901,r3980
39,81,6900,r3981
39,82,6899,r3982
39,83,6898,r3983
39,84,6897,r3984
39,85,6896,r3985
39,86,6895,r3986
39,87,6894,r3987
39,88,6893,r3988
39,89,6892,r3989
39,90,6891,r3990
39,91,6890,r3991
39,92,6889,r3992
39,93,6888,r3993
39,94,6887,r3994
39,95,6886,r3995
39,96,6885,r3996
39,97,6884,r3997
39,98,6883,r3998
39,99,6882,r3999
39,100,6881,r39100
40,41,6880,r4041
40,42,6879,r4042
40,43,6878,r4043
40,44,6877,r4044
40,45,6876,r4045
40,46,6875,r4046
40,47,6874,r4047
40,48,6873,r4048
40,49,6872,r4049
40,50,6871,r4050
40,51,6870,r4051
40,52,6869,r4052
40,53,6868,r4053
40,54,6867,r4054
40,55,6866,r4055
40,56,6865,r4056
40,57,6864,r4057
40,58,6863,r4058
40,59,6862,r4059
40,60,6861,r4060
40,61,6860,r4061
40,62,6859,r4062
40,63,6858,r4063
40,64,6857,r4064
40,65,6856,r4065
40,66,6855,r4066
40,67,6854,r4067
40,68,6853,r4068
40,69,6852,r4069
40,70,6851,r4070
40,71,6850,r4071
40,72,6849,r4072
40,73,6848,r4073
40,74,6847,r4074
40,75,6846,r4075
40,76,6845,r4076
40,77,6844,r4077
40,78,6843,r4078
40,79,6842,r4079
40,80,6841,r4080
40,81,6840,r4081
40,82,6839,r4082
40,83,6838,r4083
40,84,6837,r4084
40,85,6836,r4085
40,86,6835,r4086
40,87,6834,r4087
40,88,6833,r4088
40,89,6832,r4089
40,90,6831,r4090
40,91,6830,r4091
40,92,6829,r4092
40,93,6828,r4093
40,94,6827,r4094
40,95,6826,r4095
40,96,6825,r4096
40,97,6824,r4097
40,98,6823,r4098
40,99,6822,r4099
40,100,6821,r40100
41,42,6820,r4142
41,43,6819,r4143
41,44,6818,r4144
41,45,6817,r4145
41,46,6816,r4146
41,47,6815,r4147
41,48,6814,r4148
41,49,6813,r4149
41,50,6812,r4150
41,51,6811,r4151
41,52,6810,r4152
41,53,6809,r4153
41,54,6808,r4154
41,55,6807,r4155
41,56,6806,r4156
41,57,6805,r4157
41,58,6804,r4158
41,59,6803,r4159
41,60,6802,r4160
41,61,6801,r4161
41,62,6800,r4162
41,63,6799,r4163
41,64,6798,r4164
41,65,6797,r4165
41,66,6796,r4166
41,67,6795,r4167
41,68,6794,r4168
41,69,6793,r4169
41,70,6792,r4170
41,71,6791,r4171
41,72,6790,r4172
41,73,6789,r4173
41,74,6788,r4174
41,75,6787,r4175
41,76,6786,r4176
41,77,6785,r4177
41,78,6784,r4178
41,79,6783,r4179
41,80,6782,r4180
41,81,6781,r4181
41,82,6780,r4182
41,83,6779,r4183
41,84,6778,r4184
41,85,6777,r4185
41,86,6776,r4186
41,87,6775,r4187
41,88,6774,r4188
41,89,6773,r4189
41,90,6772,r4190
41,91,6771,r4191
41,92,6770,r4192
41,93,6769,r4193
41,94,6768,r4194
41,95,6767,r4195
41,96,6766,r4196
41,97,6765,r4197
41,98,6764,r4198
41,99,6763,r4199
41,100,6762,r41100
42,43,6761,r4243
42,44,6760,r4244
42,45,6759,r4245
42,46,6758,r4246
42,47,6757,r4247
42,48,6756,r4248
42,49,6755,r4249
42,50,6754,r4250
42,51,6753,r4251
42,52,6752,r4252
42,53,6751,r4253
42,54,6750,r4254
42,55,6749,r4255
42,56,6748,r4256
42,57,6747,r4257
42,58,6746,r4258
42,59,6745,r4259
42,60,6744,r4260
42,61,6743,r4261
42,62,6742,r4262
42,63,6741,r4263
42,64,6740,r4264
42,65,6739,r4265
42,66,6738,r4266
42,67,6737,r4267
42,68,6736,r4268
42,69,6735,r4269
42,70,6734,r4270
42,71,6733,r4271
42,72,6732,r4272
42,73,6731,r4273
42,74,6730,r4274
42,75,6729,r4275
42,76,6728,r4276
42,77,6727,r4277
42,78,6726,r4278
42,79,6725,r4279
42,80,6724,r4280
42,81,6723,r4281
42,82,6722,r4282
42,83,6721,r4283
42,84,6720,r4284
42,85,6719,r4285
42,86,6718,r4286
42,87,6717,r4287
42,88,6716,r4288
42,89,6715,r4289
42,90,6714,r4290
42,91,6713,r4291
42,92,6712,r4292
42,93,6711,r4293
42,94,6710,r4294
42,95,6709,r4295
42,96,6708,r4296
42,97,6707,r4297
42,98,6706,r4298
42,99,6705,r4299
42,100,6704,r42100
43,44,6703,r4344
43,45,6702,r4345
43,46,6701,r4346
43,47,6700,r4347
43,48,6699,r4348
43,49,6698,r4349
43,50,6697,r4350
43,51,6696,r4351
43,52,6695,r4352
43,53,6694,r4353
43,54,6693,r4354
43,55,6692,r4355
43,56,6691,r4356
43,57,6690,r4357
43,58,6689,r4358
43,59,6688,r4359
43,60,6687,r4360
43,61,6686,r4361
43,62,6685,r4362
43,63,6684,r4363
43,64,6683,r4364
43,65,6682,r4365
43,66,6681,r4366
43,67,6680,r4367
43,68,6679,r4368
43,69,6678,r4369
43,70,6677,r4370
43,71,6676,r4371
43,72,6675,r4372
43,73,6674,r4373
43,74,6673,r4374
43,75,6672,r4375
43,76,6671,r4376
43,77,6670,r4377
43,78,6669,r4378
43,79,6668,r4379
43,80,6667,r4380
43,81,6666,r4381
43,82,6665,r4382
43,83,6664,r4383
43,84,6663,r4384
43,85,6662,r4385
43,86,6661,r4386
43,87,6660,r4387
43,88,6659,r4388
43,89,6658,r4389
43,90,6657,r4390
43,91,6656,r4391
43,92,6655,r4392
43,93,6654,r4393
43,94,6653,r4394
43,95,6652,r4395
43,96,6651,r4396
43,97,6650,r4397
43,98,6649,r4398
43,99,6648,r4399
43,100,6647,r43100
44,45,6646,r4445
44,46,6645,r4446
44,47,6644,r4447
44,48,6643,r4448
44,49,6642,r4449
44,50,6641,r4450
44,51,6640,r4451
44,52,6639,r4452
44,53,6638,r4453
44,54,6637,r4454
44,55,6636,r4455
44,56,6635,r4456
44,57,6634,r4457
44,58,6633,r4458
44,59,6632,r4459
44,60,6631,r4460
44,61,6630,r4461
44,62,6629,r4462
44,63,6628,r4463
44,64,6627,r4464
44,65,6626,r4465
44,66,6625,r4466
44,67,6624,r4467
44,68,6623,r4468
44,69,6622,r4469
44,70,6621,r4470
44,71,6620,r4471
44,72,6619,r4472
44,73,6618,r4473
44,74,6617,r4474
44,75,6616,r4475
44,76,6615,r4476
44,77,6614,r4477
44,78,6613,r4478
44,79,6612,r4479
44,80,6611,r4480
44,81,6610,r4481
44,82,6609,r4482
44,83,6608,r4483
44,84,6607,r4484
44,85,6606,r4485
44,86,6605,r4486
44,87,6604,r4487
44,88,6603,r4488
44,89,6602,r4489
44,90,6601,r4490
44,91,6600,r4491
44,92,6599,r4492
44,93,6598,r4493
44,94,6597,r4494
44,95,6596,r4495
44,96,6595,r4496
44,97,6594,r4497
44,98,6593,r4498
44,99,6592,r4499
44,100,6591,r44100
45,46,6590,r4546
45,47,6589,r4547
45,48,6588,r4548
45,49,6587,r4549
45,50,6586,r4550
45,51,6585,r4551
45,52,6584,r4552
45,53,6583,r4553
45,54,6582,r4554
45,55,6581,r4555
45,56,6580,r4556
45,57,6579,r4557
45,58,6578,r4558
45,59,6577,r4559
45,60,6576,r4560
45,61,6575,r4561
45,62,6574,r4562
45,63,6573,r4563
45,64,6572,r4564
45,65,6571,r4565
45,66,6570,r4566
45,67,6569,r4567
45,68,6568,r4568
45,69,6567,r4569
45,70,6566,r4570
45,71,6565,r4571
45,72,6564,r4572
45,73,6563,r4573
45,74,6562,r4574
45,75,6561,r4575
45,76,6560,r4576
45,77,6559,r4577
45,78,6558,r4578
45,79,6557,r4579
45,80,6556,r4580
45,81,6555,r4581
45,82,6554,r4582
45,83,6553,r4583
45,84,6552,r4584
45,85,6551,r4585
45,86,6550,r4586
45,87,6549,r4587
45,88,6548,r4588
45,89,6547,r4589
45,90,6546,r4590
45,91,6545,r4591
45,92,6544,r4592
45,93,6543,r4593
45,94,6542,r4594
45,95,6541,r4595
45,96,6540,r4596
45,97,6539,r4597
45,98,6538,r4598
45,99,6537,r4599
45,100,6536,r45100
46,47,6535,r4647
46,48,6534,r4648
46,49,6533,r4649
46,50,6532,r4650
46,51,6531,r4651
46,52,6530,r4652
46,53,6529,r4653
46,54,6528,r4654
46,55,6527,r4655
46,56,6526,r4656
46,57,6525,r4657
46,58,6524,r4658
46,59,6523,r4659
46,60,6522,r4660
46,61,6521,r4661
46,62,6520,r4662
46,63,6519,r4663
46,64,6518,r4664
46,65,6517,r4665
46,66,6516,r4666
46,67,6515,r4667
46,68,6514,r4668
46,69,6513,r4669
46,70,6512,r4670
46,71,6511,r4671
46,72,6510,r4672
46,73,6509,r4673
46,74,6508,r4674
46,75,6507,r4675
46,76,6506,r4676
46,77,6505,r4677
46,78,6504,r4678
46,79,6503,r4679
46,80,6502,r4680
46,81,6501,r4681
46,82,6500,r4682
46,83,6499,r4683
46,84,6498,r4684
46,85,6497,r4685
46,86,6496,r4686
46,87,6495,r4687
46,88,6494,r4688
46,89,6493,r4689
46,90,6492,r4690
46,91,6491,r4691
46,92,6490,r4692
46,93,6489,r4693
46,94,6488,r4694
46,95,6487,r4695
46,96,6486,r4696
46,97,6485,r4697
46,98,6484,r4698
46,99,6483,r4699
46,100,6482,r46100
47,48,6481,r4748
47,49,6480,r4749
47,50,6479,r4750
47,51,6478,r4751
47,52,6477,r4752
47,53,6476,r4753
47,54,6475,r4754
47,55,6474,r4755
47,56,6473,r4756
47,57,6472,r4757
47,58,6471,r4758
47,59,6470,r4759
47,60,6469,r4760
47,61,6468,r4761
47,62,6467,r4762
47,63,6466,r4763
47,64,6465,r4764
47,65,6464,r4765
47,66,6463,r4766
47,67,6462,r4767
47,68,6461,r4768
47,69,6460,r4769
47,70,6459,r4770
47,71,6458,r4771
47,72,6457,r4772
47,73,6456,r4773
47,74,6455,r4774
47,75,6454,r4775
47,76,6453,r4776
47,77,6452,r4777
47,78,6451,r4778
47,79,6450,r4779
47,80,6449,r4780
47,81,6448,r4781
47,82,6447,r4782
47,83,6446,r4783
47,84,6445,r4784
47,85,6444,r4785
47,86,6443,r4786
47,87,6442,r4787
47,88,6441,r4788
47,89,6440,r4789
47,90,6439,r4790
47,91,6438,r4791
47,92,6437,r4792
47,93,6436,r4793
47,94,6435,r4794
47,95,6434,r4795
47,96,6433,r4796
47,97,6432,r4797
47,98,6431,r4798
47,99,6430,r4799
47,100,6429,r47100
48,49,6428,r4849
48,50,6427,r4850
48,51,6426,r4851
48,52,6425,r4852
48,53,6424,r4853
48,54,6423,r4854
48,55,6422,r4855
48,56,6421,r4856
48,57,6420,r4857
48,58,6419,r4858
48,59,6418,r4859
48,60,6417,r4860
48,61,6416,r4861
48,62,6415,r4862
48,63,6414,r4863
48,64,6413,r4864
48,65,6412,r4865
48,66,6411,r4866
48,67,6410,r4867
48,68,6409,r4868
48,69,6408,r4869
48,70,6407,r4870
48,71,6406,r4871
48,72,6405,r4872
48,73,6404,r4873
48,74,6403,r4874
48,75,6402,r4875
48,76,6401,r4876
48,77,6400,r4877
48,78,6399,r4878
48,79,6398,r4879
48,80,6397,r4880
48,81,6396,r4881
48,82,6395,r4882
48,83,6394,r4883
48,84,6393,r4884
48,85,6392,r4885
48,86,6391,r4886
48,87,6390,r4887
48,88,6389,r4888
48,89,6388,r4889
48,90,6387,r4890
48,91,6386,r4891
48,92,6385,r4892
48,93,6384,r4893
48,94,6383,r4894
48,95,6382,r4895
48,96,6381,r4896
48,97,6380,r4897
48,98,6379,r4898
48,99,6378,r4899
48,100,6377,r48100
49,50,6376,r4950
49,51,6375,r4951
49,52,6374,r4952
49,53,6373,r4953
49,54,6372,r4954
49,55,6371,r4955
49,56,6370,r4956
49,57,6369,r4957
49,58,6368,r4958
49,59,6367,r4959
49,60,6366,r4960
49,61,6365,r4961
49,62,6364,r4962
49,63,6363,r4963
49,64,6362,r4964
49,65,6361,r4965
49,66,6360,r4966
49,67,6359,r4967
49,68,6358,r4968
49,69,6357,r4969
49,70,6356,r4970
49,71,6355,r4971
49,72,6354,r4972
49,73,6353,r4973
49,74,6352,r4974
49,75,6351,r4975
49,76,6350,r4976
49,77,6349,r4977
49,78,6348,r4978
49,79,6347,r4979
49,80,6346,r4980
49,81,6345,r4981
49,82,6344,r4982
49,83,6343,r4983
49,84,6342,r4984
49,85,6341,r4985
49,86,6340,r4986
49,87,6339,r4987
49,88,6338,r4988
49,89,6337,r4989
49,90,6336,r4990
49,91,6335,r4991
49,92,6334,r4992
49,93,6333,r4993
49,94,6332,r4994
49,95,6331,r4995
49,96,6330,r4996
49,97,6329,r4997
49,98,6328,r4998
49,99,6327,r4999
49,100,6326,r49100
50,51,6325,r5051
50,52,6324,r5052
50,53,6323,r5053
50,54,6322,r5054
50,55,6321,r5055
50,56,6320,r5056
50,57,6319,r5057
50,58,6318,r5058
50,59,6317,r5059
50,60,6316,r5060
50,61,6315,r5061
50,62,6314,r5062
50,63,6313,r5063
50,64,6312,r5064
50,65,6311,r5065
50,66,6310,r5066
50,67,6309,r5067
50,68,6308,r5068
50,69,6307,r5069
50,70,6306,r5070
50,71,6305,r5071
50,72,6304,r5072
50,73,6303,r5073
50,74,6302,r5074
50,75,6301,r5075
50,76,6300,r5076
50,77,6299,r5077
50,78,6298,r5078
50,79,6297,r5079
50,80,6296,r5080
50,81,6295,r5081
50,82,6294,r5082
50,83,6293,r5083
50,84,6292,r5084
50,85,6291,r5085
50,86,6290,r5086
50,87,6289,r5087
50,88,6288,r5088
50,89,6287,r5089
50,90,6286,r5090
50,91,6285,r5091
50,92,6284,r5092
50,93,6283,r5093
50,94,6282,r5094
50,95,6281,r5095
50,96,6280,r5096
50,97,6279,r5097
50,98,6278,r5098
50,99,6277,r5099
50,100,6276,r50100
51,52,6275,r5152
51,53,6274,r5153
51,54,6273,r5154
51,55,6272,r5155
51,56,6271,r5156
51,57,6270,r5157
51,58,6269,r5158
51,59,6268,r5159
51,60,6267,r5160
51,61,6266,r5161
51,62,6265,r5162
51,63,6264,r5163
51,64,6263,r5164
51,65,6262,r5165
51,66,6261,r5166
51,67,6260,r5167
51,68,6259,r5168
51,69,6258,r5169
51,70,6257,r5170
51,71,6256,r5171
51,72,6255,r5172
51,73,6254,r5173
51,74,6253,r5174
51,75,6252,r5175
51,76,6251,r5176
51,77,6250,r5177
51,78,6249,r5178
51,79,6248,r5179
51,80,6247,r5180
51,81,6246,r5181
51,82,6245,r5182
51,83,6244,r5183
51,84,6243,r5184
51,85,6242,r5185
51,86,6241,r5186
51,87,6240,r5187
51,88,6239,r5188
51,89,6238,r5189
51,90,6237,r5190
51,91,6236,r5191
51,92,6235,r5192
51,93,6234,r5193
51,94,6233,r5194
51,95,6232,r5195
51,96,6231,r5196
51,97,6230,r5197
51,98,6229,r5198
51,99,6228,r5199
51,100,6227,r51100
52,53,6226,r5253
52,54,6225,r5254
52,55,6224,r5255
52,56,6223,r5256
52,57,6222,r5257
52,58,6221,r5258
52,59,6220,r5259
52,60,6219,r5260
52,61,6218,r5261
52,62,6217,r5262
52,63,6216,r5263
52,64,6215,r5264
52,65,6214,r5265
52,66,6213,r5266
52,67,6212,r5267
52,68,6211,r5268
52,69,6210,r5269
52,70,6209,r5270
52,71,6208,r5271
52,72,6207,r5272
52,73,6206,r5273
52,74,6205,r5274
52,75,6204,r5275
52,76,6203,r5276
52,77,6202,r5277
52,78,6201,r5278
52,79,6200,r5279
52,80,6199,r5280
52,81,6198,r5281
52,82,6197,r5282
52,83,6196,r5283
52,84,6195,r5284
52,85,6194,r5285
52,86,6193,r5286
52,87,6192,r5287
52,88,6191,r5288
52,89,6190,r5289
52,90,6189,r5290
52,91,6188,r5291
52,92,6187,r5292
52,93,6186,r5293
52,94,6185,r5294
52,95,6184,r5295
52,96,6183,r5296
52,97,6182,r5297
52,98,6181,r5298
52,99,6180,r5299
52,100,6179,r52100
53,54,6178,r5354
53,55,6177,r5355
53,56,6176,r5356
53,57,6175,r5357
53,58,6174,r5358
53,59,6173,r5359
53,60,6172,r5360
53,61,6171,r5361
53,62,6170,r5362
53,63,6169,r5363
53,64,6168,r5364
53,65,6167,r5365
53,66,6166,r5366
53,67,6165,r5367
53,68,6164,r5368
53,69,6163,r5369
53,70,6162,r5370
53,71,6161,r5371
53,72,6160,r5372
53,73,6159,r5373
53,74,6158,r5374
53,75,6157,r5375
53,76,6156,r5376
53,77,6155,r5377
53,78,6154,r5378
53,79,6153,r5379
53,80,6152,r5380
53,81,6151,r5381
53,82,6150,r5382
53,83,6149,r5383
53,84,6148,r5384
53,85,6147,r5385
53,86,6146,r5386
53,87,6145,r5387
53,88,6144,r5388
53,89,6143,r5389
53,90,6142,r5390
53,91,6141,r5391
53,92,6140,r5392
53,93,6139,r5393
53,94,6138,r5394
53,95,6137,r5395
53,96,6136,r5396
53,97,6135,r5397
53,98,6134,r5398
53,99,6133,r5399
53,100,6132,r53100
54,55,6131,r5455
54,56,6130,r5456
54,57,6129,r5457
54,58,6128,r5458
54,59,6127,r5459
54,60,6126,r5460
54,61,6125,r5461
54,62,6124,r5462
54,63,6123,r5463
54,64,6122,r5464
54,65,6121,r5465
54,66,6120,r5466
54,67,6119,r5467
54,68,6118,r5468
54,69,6117,r5469
54,70,6116,r5470
54,71,6115,r5471
54,72,6114,r5472
54,73,6113,r5473
54,74,6112,r5474
54,75,6111,r5475
54,76,6110,r5476
54,77,6109,r5477
54,78,6108,r5478
54,79,6107,r5479
54,80,6106,r5480
54,81,6105,r5481
54,82,6104,r5482
54,83,6103,r5483
54,84,6102,r5484
54,85,6101,r5485
54,86,6100,r5486
54,87,6099,r5487
54,88,6098,r5488
54,89,6097,r5489
54,90,6096,r5490
54,91,6095,r5491
54,92,6094,r5492
54,93,6093,r5493
54,94,6092,r5494
54,95,6091,r5495
54,96,6090,r5496
54,97,6089,r5497
54,98,6088,r5498
54,99,6087,r5499
54,100,6086,r54100
55,56,6085,r5556
55,57,6084,r5557
55,58,6083,r5558
55,59,6082,r5559
55,60,6081,r5560
55,61,6080,r5561
55,62,6079,r5562
55,63,6078,r5563
55,64,6077,r5564
55,65,6076,r5565
55,66,6075,r5566
55,67,6074,r5567
55,68,6073,r5568
55,69,6072,r5569
55,70,6071,r5570
55,71,6070,r5571
55,72,6069,r5572
55,73,6068,r5573
55,74,6067,r5574
55,75,6066,r5575
55,76,6065,r5576
55,77,6064,r5577
55,78,6063,r5578
55,79,6062,r5579
55,80,6061,r5580
55,81,6060,r5581
55,82,6059,r5582
55,83,6058,r5583
55,84,6057,r5584
55,85,6056,r5585
55,86,6055,r5586
55,87,6054,r5587
55,88,6053,r5588
55,89,6052,r5589
55,90,6051,r5590
55,91,6050,r5591
55,92,6049,r5592
55,93,6048,r5593
55,94,6047,r5594
55,95,6046,r5595
55,96,6045,r5596
55,97,6044,r5597
55,98,6043,r5598
55,99,6042,r5599
55,100,6041,r55100
56,57,6040,r5657
56,58,6039,r5658
56,59,6038,r5659
56,60,6037,r5660
56,61,6036,r5661
56,62,6035,r5662
56,63,6034,r5663
56,64,6033,r5664
56,65,6032,r5665
56,66,6031,r5666
56,67,6030,r5667
56,68,6029,r5668
56,69,6028,r5669
56,70,6027,r5670
56,71,6026,r5671
56,72,6025,r5672
56,73,6024,r5673
56,74,6023,r5674
56,75,6022,r5675
56,76,6021,r5676
56,77,6020,r5677
56,78,6019,r5678
56,79,6018,r5679
56,80,6017,r5680
56,81,6016,r5681
56,82,6015,r5682
56,83,6014,r5683
56,84,6013,r5684
56,85,6012,r5685
56,86,6011,r5686
56,87,6010,r5687
56,88,6009,r5688
56,89,6008,r5689
56,90,6007,r5690
56,91,6006,r5691
56,92,6005,r5692
56,93,6004,r5693
56,94,6003,r5694
56,95,6002,r5695
56,96,6001,r5696
56,97,6000,r5697
56,98,5999,r5698
56,99,5998,r5699
56,100,5997,r56100
57,58,5996,r5758
57,59,5995,r5759
57,60,5994,r5760
57,61,5993,r5761
57,62,5992,r5762
57,63,5991,r5763
57,64,5990,r5764
57,65,5989,r5765
57,66,5988,r5766
57,67,5987,r5767
57,68,5986,r5768
57,69,5985,r5769
57,70,5984,r5770
57,71,5983,r5771
57,72,5982,r5772
57,73,5981,r5773
57,74,5980,r5774
57,75,5979,r5775
57,76,5978,r5776
57,77,5977,r5777
57,78,5976,r5778
57,79,5975,r5779
57,80,5974,r5780
57,81,5973,r5781
57,82,5972,r5782
57,83,5971,r5783
57,84,5970,r5784
57,85,5969,r5785
57,86,5968,r5786
57,87,5967,r5787
57,88,5966,r5788
57,89,5965,r5789
57,90,5964,r5790
57,91,5963,r5791
57,92,5962,r5792
57,93,5961,r5793
57,94,5960,r5794
57,95,5959,r5795
57,96,5958,r5796
57,97,5957,r5797
57,98,5956,r5798
57,99,5955,r5799
57,100,5954,r57100
58,59,5953,r5859
58,60,5952,r5860
58,61,5951,r5861
58,62,5950,r5862
58,63,5949,r5863
58,64,5948,r5864
58,65,5947,r5865
58,66,5946,r5866
58,67,5945,r5867
58,68,5944,r5868
58,69,5943,r5869
58,70,5942,r5870
58,71,5941,r5871
58,72,5940,r5872
58,73,5939,r5873
58,74,5938,r5874
58,75,5937,r5875
58,76,5936,r5876
58,77,5935,r5877
58,78,5934,r5878
58,79,5933,r5879
58,80,5932,r5880
58,81,5931,r5881
58,82,5930,r5882
58,83,5929,r5883
58,84,5928,r5884
58,85,5927,r5885
58,86,5926,r5886
58,87,5925,r5887
58,88,5924,r5888
58,89,5923,r5889
58,90,5922,r5890
58,91,5921,r5891
58,92,5920,r5892
58,93,5919,r5893
58,94,5918,r5894
58,95,5917,r5895
58,96,5916,r5896
58,97,5915,r5897
58,98,5914,r5898
58,99,5913,r5899
58,100,5912,r58100
59,60,5911,r5960
59,61,5910,r5961
59,62,5909,r5962
59,63,5908,r5963
59,64,5907,r5964
59,65,5906,r5965
59,66,5905,r5966
59,67,5904,r5967
59,68,5903,r5968
59,69,5902,r5969
59,70,5901,r5970
59,71,5900,r5971
59,72,5899,r5972
59,73,5898,r5973
59,74,5897,r5974
59,75,5896,r5975
59,76,5895,r5976
59,77,5894,r5977
59,78,5893,r5978
59,79,5892,r5979
59,80,5891,r5980
59,81,5890,r5981
59,82,5889,r5982
59,83,5888,r5983
59,84,5887,r5984
59,85,5886,r5985
59,86,5885,r5986
59,87,5884,r5987
59,88,5883,r5988
59,89,5882,r5989
59,90,5881,r5990
59,91,5880,r5991
59,92,5879,r5992
59,93,5878,r5993
59,94,5877,r5994
59,95,5876,r5995
59,96,5875,r5996
59,97,5874,r5997
59,98,5873,r5998
59,99,5872,r5999
59,100,5871,r59100
60,61,5870,r6061
60,62,5869,r6062
60,63,5868,r6063
60,64,5867,r6064
60,65,5866,r6065
60,66,5865,r6066
60,67,5864,r6067
60,68,5863,r6068
60,69,5862,r6069
60,70,5861,r6070
60,71,5860,r6071
60,72,5859,r6072
60,73,5858,r6073
60,74,5857,r6074
60,75,5856,r6075
60,76,5855,r6076
60,77,5854,r6077
60,78,5853,r6078
60,79,5852,r6079
60,80,5851,r6080
60,81,5850,r6081
60,82,5849,r6082
60,83,5848,r6083
60,84,5847,r6084
60,85,5846,r6085
60,86,5845,r6086
60,87,5844,r6087
60,88,5843,r6088
60,89,5842,r6089
60,90,5841,r6090
60,91,5840,r6091
60,92,5839,r6092
60,93,5838,r6093
60,94,5837,r6094
60,95,5836,r6095
60,96,5835,r6096
60,97,5834,r6097
60,98,5833,r6098
60,99,5832,r6099
60,100,5831,r60100
61,62,5830,r6162
61,63,5829,r6163
61,64,5828,r6164
61,65,5827,r6165
61,66,5826,r6166
61,67,5825,r6167
61,68,5824,r6168
61,69,5823,r6169
61,70,5822,r6170
61,71,5821,r6171
61,72,5820,r6172
61,73,5819,r6173
61,74,5818,r6174
61,75,5817,r6175
61,76,5816,r6176
61,77,5815,r6177
61,78,5814,r6178
61,79,5813,r6179
61,80,5812,r6180
61,81,5811,r6181
61,82,5810,r6182
61,83,5809,r6183
61,84,5808,r6184
61,85,5807,r6185
61,86,5806,r6186
61,87,5805,r6187
61,88,5804,r6188
61,89,5803,r6189
61,90,5802,r6190
61,91,5801,r6191
61,92,5800,r6192
61,93,5799,r6193
61,94,5798,r6194
61,95,5797,r6195
61,96,5796,r6196
61,97,5795,r6197
61,98,5794,r6198
61,99,5793,r6199
61,100,5792,r61100
62,63,5791,r6263
62,64,5790,r6264
62,65,5789,r6265
62,66,5788,r6266
62,67,5787,r6267
62,68,5786,r6268
62,69,5785,r6269
62,70,5784,r6270
62,71,5783,r6271
62,72,5782,r6272
62,73,5781,r6273
62,74,5780,r6274
62,75,5779,r6275
62,76,5778,r6276
62,77,5777,r6277
62,78,5776,r6278
62,79,5775,r6279
62,80,5774,r6280
62,81,5773,r6281
62,82,5772,r6282
62,83,5771,r6283
62,84,5770,r6284
62,85,5769,r6285
62,86,5768,r6286
62,87,5767,r6287
62,88,5766,r6288
62,89,5765,r6289
62,90,5764,r6290
62,91,5763,r6291
62,92,5762,r6292
62,93,5761,r6293
62,94,5760,r6294
62,95,5759,r6295
62,96,5758,r6296
62,97,5757,r6297
62,98,5756,r6298
62,99,5755,r6299
62,100,5754,r62100
63,64,5753,r6364
63,65,5752,r6365
63,66,5751,r6366
63,67,5750,r6367
63,68,5749,r6368
63,69,5748,r6369
63,70,5747,r6370
63,71,5746,r6371
63,72,5745,r6372
63,73,5744,r6373
63,74,5743,r6374
63,75,5742,r6375
63,76,5741,r6376
63,77,5740,r6377
63,78,5739,r6378
63,79,5738,r6379
63,80,5737,r6380
63,81,5736,r6381
63,82,5735,r6382
63,83,5734,r6383
63,84,5733,r6384
63,85,5732,r6385
63,86,5731,r6386
63,87,5730,r6387
63,88,5729,r6388
63,89,5728,r6389
63,90,5727,r6390
63,91,5726,r6391
63,92,5725,r6392
63,93,5724,r6393
63,94,5723,r6394
63,95,5722,r6395
63,96,5721,r6396
63,97,5720,r6397
63,98,5719,r6398
63,99,5718,r6399
63,100,5717,r63100
64,65,5716,r6465
64,66,5715,r6466
64,67,5714,r6467
64,68,5713,r6468
64,69,5712,r6469
64,70,5711,r6470
64,71,5710,r6471
64,72,5709,r6472
64,73,5708,r6473
64,74,5707,r6474
64,75,5706,r6475
64,76,5705,r6476
64,77,5704,r6477
64,78,5703,r6478
64,79,5702,r6479
64,80,5701,r6480
64,81,5700,r6481
64,82,5699,r6482
64,83,5698,r6483
64,84,5697,r6484
64,85,5696,r6485
64,86,5695,r6486
64,87,5694,r6487
64,88,5693,r6488
64,89,5692,r6489
64,90,5691,r6490
64,91,5690,r6491
64,92,5689,r6492
64,93,5688,r6493
64,94,5687,r6494
64,95,5686,r6495
64,96,5685,r6496
64,97,5684,r6497
64,98,5683,r6498
64,99,5682,r6499
64,100,5681,r64100
65,66,5680,r6566
65,67,5679,r6567
65,68,5678,r6568
65,69,5677,r6569
65,70,5676,r6570
65,71,5675,r6571
65,72,5674,r6572
65,73,5673,r6573
65,74,5672,r6574
65,75,5671,r6575
65,76,5670,r6576
65,77,5669,r6577
65,78,5668,r6578
65,79,5667,r6579
65,80,5666,r6580
65,81,5665,r6581
65,82,5664,r6582
65,83,5663,r6583
65,84,5662,r6584
65,85,5661,r6585
65,86,5660,r6586
65,87,5659,r6587
65,88,5658,r6588
65,89,5657,r6589
65,90,5656,r6590
65,91,5655,r6591
65,92,5654,r6592
65,93,5653,r6593
65,94,5652,r6594
65,95,5651,r6595
65,96,5650,r6596
65,97,5649,r6597
65,98,5648,r6598
65,99,5647,r6599
65,100,5646,r65100
66,67,5645,r6667
66,68,5644,r6668
66,69,5643,r6669
66,70,5642,r6670
66,71,5641,r6671
66,72,5640,r6672
66,73,5639,r6673
66,74,5638,r6674
66,75,5637,r6675
66,76,5636,r6676
66,77,5635,r6677
66,78,5634,r6678
66,79,5633,r6679
66,80,5632,r6680
66,81,5631,r6681
66,82,5630,r6682
66,83,5629,r6683
66,84,5628,r6684
66,85,5627,r6685
66,86,5626,r6686
66,87,5625,r6687
66,88,5624,r6688
66,89,5623,r6689
66,90,5622,r6690
66,91,5621,r6691
66,92,5620,r6692
66,93,5619,r6693
66,94,5618,r6694
66,95,5617,r6695
66,96,5616,r6696
66,97,5615,r6697
66,98,5614,r6698
66,99,5613,r6699
66,100,5612,r66100
67,68,5611,r6768
67,69,5610,r6769
67,70,5609,r6770
67,71,5608,r6771
67,72,5607,r6772
67,73,5606,r6773
67,74,5605,r6774
67,75,5604,r6775
67,76,5603,r6776
67,77,5602,r6777
67,78,5601,r6778
67,79,5600,r6779
67,80,5599,r6780
67,81,5598,r6781
67,82,5597,r6782
67,83,5596,r6783
67,84,5595,r6784
67,85,5594,r6785
67,86,5593,r6786
67,87,5592,r6787
67,88,5591,r6788
67,89,5590,r6789
67,90,5589,r6790
67,91,5588,r6791
67,92,5587,r6792
67,93,5586,r6793
67,94,5585,r6794
67,95,5584,r6795
67,96,5583,r6796
67,97,5582,r6797
67,98,5581,r6798
67,99,5580,r6799
67,100,5579,r67100
68,69,5578,r6869
68,70,5577,r6870
68,71,5576,r6871
68,72,5575,r6872
68,73,5574,r6873
68,74,5573,r6874
68,75,5572,r6875
68,76,5571,r6876
68,77,5570,r6877
68,78,5569,r6878
68,79,5568,r6879
68,80,5567,r6880
68,81,5566,r6881
68,82,5565,r6882
68,83,5564,r6883
68,84,5563,r6884
68,85,5562,r6885
68,86,5561,r6886
68,87,5560,r6887
68,88,5559,r6888
68,89,5558,r6889
68,90,5557,r6890
68,91,5556,r6891
68,92,5555,r6892
68,93,5554,r6893
68,94,5553,r6894
68,95,5552,r6895
68,96,5551,r6896
68,97,5550,r6897
68,98,5549,r6898
68,99,5548,r6899
68,100,5547,r68100
69,70,5546,r6970
69,71,5545,r6971
69,72,5544,r6972
69,73,5543,r6973
69,74,5542,r6974
69,75,5541,r6975
69,76,5540,r6976
69,77,5539,r6977
69,78,5538,r6978
69,79,5537,r6979
69,80,5536,r6980
69,81,5535,r6981
69,82,5534,r6982
69,83,5533,r6983
69,84,5532,r6984
69,85,5531,r6985
69,86,5530,r6986
69,87,5529,r6987
69,88,5528,r6988
69,89,5527,r6989
69,90,5526,r6990
69,91,5525,r6991
69,92,5524,r6992
69,93,5523,r6993
69,94,5522,r6994
69,95,5521,r6995
69,96,5520,r6996
69,97,5519,r6997
69,98,5518,r6998
69,99,5517,r6999
69,100,5516,r69100
70,71,5515,r7071
70,72,5514,r7072
70,73,5513,r7073
70,74,5512,r7074
70,75,5511,r7075
70,76,5510,r7076
70,77,5509,r7077
70,78,5508,r7078
70,79,5507,r7079
70,80,5506,r7080
70,81,5505,r7081
70,82,5504,r7082
70,83,5503,r7083
70,84,5502,r7084
70,85,5501,r7085
70,86,5500,r7086
70,87,5499,r7087
70,88,5498,r7088
70,89,5497,r7089
70,90,5496,r7090
70,91,5495,r7091
70,92,5494,r7092
70,93,5493,r7093
70,94,5492,r7094
70,95,5491,r7095
70,96,5490,r7096
70,97,5489,r7097
70,98,5488,r7098
70,99,5487,r7099
70,100,5486,r70100
71,72,5485,r7172
71,73,5484,r7173
71,74,5483,r7174
71,75,5482,r7175
71,76,5481,r7176
71,77,5480,r7177
71,78,5479,r7178
71,79,5478,r7179
71,80,5477,r7180
71,81,5476,r7181
71,82,5475,r7182
71,83,5474,r7183
71,84,5473,r7184
71,85,5472,r7185
71,86,5471,r7186
71,87,5470,r7187
71,88,5469,r7188
71,89,5468,r7189
71,90,5467,r7190
71,91,5466,r7191
71,92,5465,r7192
71,93,5464,r7193
71,94,5463,r7194
71,95,5462,r7195
71,96,5461,r7196
71,97,5460,r7197
71,98,5459,r7198
71,99,5458,r7199
71,100,5457,r71100
72,73,5456,r7273
72,74,5455,r7274
72,75,5454,r7275
72,76,5453,r7276
72,77,5452,r7277
72,78,5451,r7278
72,79,5450,r7279
72,80,5449,r7280
72,81,5448,r7281
72,82,5447,r7282
72,83,5446,r7283
72,84,5445,r7284
72,85,5444,r7285
72,86,5443,r7286
72,87,5442,r7287
72,88,5441,r7288
72,89,5440,r7289
72,90,5439,r7290
72,91,5438,r7291
72,92,5437,r7292
72,93,5436,r7293
72,94,5435,r7294
72,95,5434,r7295
72,96,5433,r7296
72,97,5432,r7297
72,98,5431,r7298
72,99,5430,r7299
72,100,5429,r72100
73,74,5428,r7374
73,75,5427,r7375
73,76,5426,r7376
73,77,5425,r7377
73,78,5424,r7378
73,79,5423,r7379
73,80,5422,r7380
73,81,5421,r7381
73,82,5420,r7382
73,83,5419,r7383
73,84,5418,r7384
73,85,5417,r7385
73,86,5416,r7386
73,87,5415,r7387
73,88,5414,r7388
73,89,5413,r7389
73,90,5412,r7390
73,91,5411,r7391
73,92,5410,r7392
73,93,5409,r7393
73,94,5408,r7394
73,95,5407,r7395
73,96,5406,r7396
73,97,5405,r7397
73,98,5404,r7398
73,99,5403,r7399
73,100,5402,r73100
74,75,5401,r7475
74,76,5400,r7476
74,77,5399,r7477
74,78,5398,r7478
74,79,5397,r7479
74,80,5396,r7480
74,81,5395,r7481
74,82,5394,r7482
74,83,5393,r7483
74,84,5392,r7484
74,85,5391,r7485
74,86,5390,r7486
74,87,5389,r7487
74,88,5388,r7488
74,89,5387,r7489
74,90,5386,r7490
74,91,5385,r7491
74,92,5384,r7492
74,93,5383,r7493
74,94,5382,r7494
74,95,5381,r7495
74,96,5380,r7496
74,97,5379,r7497
74,98,5378,r7498
74,99,5377,r7499
74,100,5376,r74100
75,76,5375,r7576
75,77,5374,r7577
75,78,5373,r7578
75,79,5372,r7579
75,80,5371,r7580
75,81,5370,r7581
75,82,5369,r7582
75,83,5368,r7583
75,84,5367,r7584
75,85,5366,r7585
75,86,5365,r7586
75,87,5364,r7587
75,88,5363,r7588
75,89,5362,r7589
75,90,5361,r7590
75,91,5360,r7591
75,92,5359,r7592
75,93,5358,r7593
75,94,5357,r7594
75,95,5356,r7595
75,96,5355,r7596
75,97,5354,r7597
75,98,5353,r7598
75,99,5352,r7599
75,100,5351,r75100
76,77,5350,r7677
76,78,5349,r7678
76,79,5348,r7679
76,80,5347,r7680
76,81,5346,r7681
76,82,5345,r7682
76,83,5344,r7683
76,84,5343,r7684
76,85,5342,r7685
76,86,5341,r7686
76,87,5340,r7687
76,88,5339,r7688
76,89,5338,r7689
76,90,5337,r7690
76,91,5336,r7691
76,92,5335,r7692
76,93,5334,r7693
76,94,5333,r7694
76,95,5332,r7695
76,96,5331,r7696
76,97,5330,r7697
76,98,5329,r7698
76,99,5328,r7699
76,100,5327,r76100
77,78,5326,r7778
77,79,5325,r7779
77,80,5324,r7780
77,81,5323,r7781
77,82,5322,r7782
77,83,5321,r7783
77,84,5320,r7784
77,85,5319,r7785
77,86,5318,r7786
77,87,5317,r7787
77,88,5316,r7788
77,89,5315,r7789
77,90,5314,r7790
77,91,5313,r7791
77,92,5312,r7792
77,93,5311,r7793
77,94,5310,r7794
77,95,5309,r7795
77,96,5308,r7796
77,97,5307,r7797
77,98,5306,r7798
77,99,5305,r7799
77,100,5304,r77100
78,79,5303,r7879
78,80,5302,r7880
78,81,5301,r7881
78,82,5300,r7882
78,83,5299,r7883
78,84,5298,r7884
78,85,5297,r7885
78,86,5296,r7886
78,87,5295,r7887
78,88,5294,r7888
78,89,5293,r7889
78,90,5292,r7890
78,91,5291,r7891
78,92,5290,r7892
78,93,5289,r7893
78,94,5288,r7894
78,95,5287,r7895
78,96,5286,r7896
78,97,5285,r7897
78,98,5284,r7898
78,99,5283,r7899
78,100,5282,r78100
79,80,5281,r7980
79,81,5280,r7981
79,82,5279,r7982
79,83,5278,r7983
79,84,5277,r7984
79,85,5276,r7985
79,86,5275,r7986
79,87,5274,r7987
79,88,5273,r7988
79,89,5272,r7989
79,90,5271,r7990
79,91,5270,r7991
79,92,5269,r7992
79,93,5268,r7993
79,94,5267,r7994
79,95,5266,r7995
79,96,5265,r7996
79,97,5264,r7997
79,98,5263,r7998
79,99,5262,r7999
79,100,5261,r79100
80,81,5260,r8081
80,82,5259,r8082
80,83,5258,r8083
80,84,5257,r8084
80,85,5256,r8085
80,86,5255,r8086
80,87,5254,r8087
80,88,5253,r8088
80,89,5252,r8089
80,90,5251,r8090
80,91,5250,r8091
80,92,5249,r8092
80,93,5248,r8093
80,94,5247,r8094
80,95,5246,r8095
80,96,5245,r8096
80,97,5244,r8097
80,98,5243,r8098
80,99,5242,r8099
80,100,5241,r80100
81,82,5240,r8182
81,83,5239,r8183
81,84,5238,r8184
81,85,5237,r8185
81,86,5236,r8186
81,87,5235,r8187
81,88,5234,r8188
81,89,5233,r8189
81,90,5232,r8190
81,91,5231,r8191
81,92,5230,r8192
81,93,5229,r8193
81,94,5228,r8194
81,95,5227,r8195
81,96,5226,r8196
81,97,5225,r8197
81,98,5224,r8198
81,99,5223,r8199
81,100,5222,r81100
82,83,5221,r8283
82,84,5220,r8284
82,85,5219,r8285
82,86,5218,r8286
82,87,5217,r8287
82,88,5216,r8288
82,89,5215,r8289
82,90,5214,r8290
82,91,5213,r8291
82,92,5212,r8292
82,93,5211,r8293
82,94,5210,r8294
82,95,5209,r8295
82,96,5208,r8296
82,97,5207,r8297
82,98,5206,r8298
82,99,5205,r8299
82,100,5204,r82100
83,84,5203,r8384
83,85,5202,r8385
83,86,5201,r8386
83,87,5200,r8387
83,88,5199,r8388
83,89,5198,r8389
83,90,5197,r8390
83,91,5196,r8391
83,92,5195,r8392
83,93,5194,r8393
83,94,5193,r8394
83,95,5192,r8395
83,96,5191,r8396
83,97,5190,r8397
83,98,5189,r8398
83,99,5188,r8399
83,100,5187,r83100
84,85,5186,r8485
84,86,5185,r8486
84,87,5184,r8487
84,88,5183,r8488
84,89,5182,r8489
84,90,5181,r8490
84,91,5180,r8491
84,92,5179,r8492
84,93,5178,r8493
84,94,5177,r8494
84,95,5176,r8495
84,96,5175,r8496
84,97,5174,r8497
84,98,5173,r8498
84,99,5172,r8499
84,100,5171,r84100
85,86,5170,r8586
85,87,5169,r8587
85,88,5168,r8588
85,89,5167,r8589
85,90,5166,r8590
85,91,5165,r8591
85,92,5164,r8592
85,93,5163,r8593
85,94,5162,r8594
85,95,5161,r8595
85,96,5160,r8596
85,97,5159,r8597
85,98,5158,r8598
85,99,5157,r8599
85,100,5156,r85100
86,87,5155,r8687
86,88,5154,r8688
86,89,5153,r8689
86,90,5152,r8690
86,91,5151,r8691
86,92,5150,r8692
86,93,5149,r8693
86,94,5148,r8694
86,95,5147,r8695
86,96,5146,r8696
86,97,5145,r8697
86,98,5144,r8698
86,99,5143,r8699
86,100,5142,r86100
87,88,5141,r8788
87,89,5140,r8789
87,90,5139,r8790
87,91,5138,r8791
87,92,5137,r8792
87,93,5136,r8793
87,94,5135,r8794
87,95,5134,r8795
87,96,5133,r8796
87,97,5132,r8797
87,98,5131,r8798
87,99,5130,r8799
87,100,5129,r87100
88,89,5128,r8889
88,90,5127,r8890
88,91,5126,r8891
88,92,5125,r8892
88,93,5124,r8893
88,94,5123,r8894
88,95,5122,r8895
88,96,5121,r8896
88,97,5120,r8897
88,98,5119,r8898
88,99,5118,r8899
88,100,5117,r88100
89,90,5116,r8990
89,91,5115,r8991
89,92,5114,r8992
89,93,5113,r8993
89,94,5112,r8994
89,95,5111,r8995
89,96,5110,r8996
89,97,5109,r8997
89,98,5108,r8998
89,99,5107,r8999
89,100,5106,r89100
90,91,5105,r9091
90,92,5104,r9092
90,93,5103,r9093
90,94,5102,r9094
90,95,5101,r9095
90,96,5100,r9096
90,97,5099,r9097
90,98,5098,r9098
90,99,5097,r9099
90,100,5096,r90100
91,92,5095,r9192
91,93,5094,r9193
91,94,5093,r9194
91,95,5092,r9195
91,96,5091,r9196
91,97,5090,r9197
91,98,5089,r9198
91,99,5088,r9199
91,100,5087,r91100
92,93,5086,r9293
92,94,5085,r9294
92,95,5084,r9295
92,96,5083,r9296
92,97,5082,r9297
92,98,5081,r9298
92,99,5080,r9299
92,100,5079,r92100
93,94,5078,r9394
93,95,5077,r9395
93,96,5076,r9396
93,97,5075,r9397
93,98,5074,r9398
93,99,5073,r9399
93,100,5072,r93100
94,95,5071,r9495
94,96,5070,r9496
94,97,5069,r9497
94,98,5068,r9498
94,99,5067,r9499
94,100,5066,r94100
95,96,5065,r9596
95,97,5064,r9597
95,98,5063,r9598
95,99,5062,r9599
95,100,5061,r95100
96,97,5060,r9697
96,98,5059,r9698
96,99,5058,r9699
96,100,5057,r96100
97,98,5056,r9798
97,99,5055,r9799
97,100,5054,r97100
98,99,5053,r9899
98,100,5052,r98100
99,100,5051,r99100
